11
12
19
21
23
28
32
33
35
40
41
42
44
47
50
52
55
56
59
71
74
79
83
89
94
95
100
102
103
105
111
114
116
118
119
121
123
124
130
131
133
137
147
153
154
157
158
160
161
162
164
176
177
178
179
188
189
193
220
223
224
225
226
227
228
229
232
233
234
235
236
237
240
241
243
244
245
246
250
251
252
253
254
255
257
258
266
267
268
269
270
284
285
287
288
289
290
292
296
298
299
300
301
302
306
308
311
312
313
315
316
317
318
319
320
322
323
325
327
328
330
331
332
333
334
335
336
343
344
345
346
347
348
352
355
356
357
359
360
361
362
363
367
368
369
370
373
374
375
376
380
386
387
388
389
390
392
393
394
395
397
398
399
400
401
402
403
404
405
406
407
408
409
