t h envp envn
-4.00000 0.00036 0.00036 -0.00036
-3.98397 0.00038 0.00038 -0.00038
-3.96794 0.00040 0.00040 -0.00040
-3.95190 0.00041 0.00043 -0.00043
-3.93587 0.00042 0.00046 -0.00046
-3.91984 0.00043 0.00049 -0.00049
-3.90381 0.00043 0.00052 -0.00052
-3.88778 0.00042 0.00055 -0.00055
-3.87174 0.00041 0.00059 -0.00059
-3.85571 0.00039 0.00063 -0.00063
-3.83968 0.00036 0.00067 -0.00067
-3.82365 0.00032 0.00071 -0.00071
-3.80762 0.00027 0.00076 -0.00076
-3.79158 0.00021 0.00080 -0.00080
-3.77555 0.00014 0.00085 -0.00085
-3.75952 0.00005 0.00091 -0.00091
-3.74349 -0.00004 0.00096 -0.00096
-3.72745 -0.00014 0.00102 -0.00102
-3.71142 -0.00026 0.00108 -0.00108
-3.69539 -0.00039 0.00115 -0.00115
-3.67936 -0.00052 0.00122 -0.00122
-3.66333 -0.00067 0.00129 -0.00129
-3.64729 -0.00083 0.00137 -0.00137
-3.63126 -0.00099 0.00146 -0.00146
-3.61523 -0.00116 0.00154 -0.00154
-3.59920 -0.00133 0.00163 -0.00163
-3.58317 -0.00150 0.00173 -0.00173
-3.56713 -0.00167 0.00183 -0.00183
-3.55110 -0.00184 0.00194 -0.00194
-3.53507 -0.00200 0.00205 -0.00205
-3.51904 -0.00216 0.00217 -0.00217
-3.50301 -0.00230 0.00230 -0.00230
-3.48697 -0.00242 0.00243 -0.00243
-3.47094 -0.00253 0.00257 -0.00257
-3.45491 -0.00261 0.00272 -0.00272
-3.43888 -0.00266 0.00287 -0.00287
-3.42285 -0.00269 0.00303 -0.00303
-3.40681 -0.00267 0.00321 -0.00321
-3.39078 -0.00262 0.00339 -0.00339
-3.37475 -0.00252 0.00357 -0.00357
-3.35872 -0.00238 0.00377 -0.00377
-3.34269 -0.00219 0.00398 -0.00398
-3.32665 -0.00195 0.00420 -0.00420
-3.31062 -0.00165 0.00443 -0.00443
-3.29459 -0.00129 0.00467 -0.00467
-3.27856 -0.00088 0.00492 -0.00492
-3.26253 -0.00041 0.00519 -0.00519
-3.24649 0.00012 0.00546 -0.00546
-3.23046 0.00070 0.00576 -0.00576
-3.21443 0.00134 0.00606 -0.00606
-3.19840 0.00203 0.00638 -0.00638
-3.18236 0.00277 0.00672 -0.00672
-3.16633 0.00355 0.00707 -0.00707
-3.15030 0.00436 0.00743 -0.00743
-3.13427 0.00520 0.00782 -0.00782
-3.11824 0.00605 0.00822 -0.00822
-3.10220 0.00692 0.00864 -0.00864
-3.08617 0.00778 0.00908 -0.00908
-3.07014 0.00863 0.00954 -0.00954
-3.05411 0.00944 0.01002 -0.01002
-3.03808 0.01022 0.01052 -0.01052
-3.02204 0.01094 0.01104 -0.01104
-3.00601 0.01158 0.01159 -0.01159
-2.98998 0.01214 0.01216 -0.01216
-2.97395 0.01259 0.01276 -0.01276
-2.95792 0.01291 0.01338 -0.01338
-2.94188 0.01310 0.01402 -0.01402
-2.92585 0.01313 0.01470 -0.01470
-2.90982 0.01300 0.01540 -0.01540
-2.89379 0.01268 0.01614 -0.01614
-2.87776 0.01216 0.01690 -0.01690
-2.86172 0.01143 0.01770 -0.01770
-2.84569 0.01048 0.01853 -0.01853
-2.82966 0.00930 0.01939 -0.01939
-2.81363 0.00790 0.02029 -0.02029
-2.79760 0.00625 0.02122 -0.02122
-2.78156 0.00437 0.02219 -0.02219
-2.76553 0.00226 0.02320 -0.02320
-2.74950 -0.00008 0.02425 -0.02425
-2.73347 -0.00263 0.02534 -0.02534
-2.71743 -0.00538 0.02647 -0.02647
-2.70140 -0.00831 0.02764 -0.02764
-2.68537 -0.01140 0.02886 -0.02886
-2.66934 -0.01462 0.03013 -0.03013
-2.65331 -0.01795 0.03144 -0.03144
-2.63727 -0.02134 0.03280 -0.03280
-2.62124 -0.02476 0.03422 -0.03422
-2.60521 -0.02816 0.03568 -0.03568
-2.58918 -0.03151 0.03720 -0.03720
-2.57315 -0.03475 0.03877 -0.03877
-2.55711 -0.03782 0.04040 -0.04040
-2.54108 -0.04069 0.04208 -0.04208
-2.52505 -0.04328 0.04383 -0.04383
-2.50902 -0.04556 0.04563 -0.04563
-2.49299 -0.04745 0.04750 -0.04750
-2.47695 -0.04891 0.04943 -0.04943
-2.46092 -0.04988 0.05142 -0.05142
-2.44489 -0.05031 0.05349 -0.05349
-2.42886 -0.05015 0.05562 -0.05562
-2.41283 -0.04936 0.05782 -0.05782
-2.39679 -0.04789 0.06009 -0.06009
-2.38076 -0.04572 0.06244 -0.06244
-2.36473 -0.04281 0.06486 -0.06486
-2.34870 -0.03914 0.06735 -0.06735
-2.33267 -0.03471 0.06993 -0.06993
-2.31663 -0.02951 0.07258 -0.07258
-2.30060 -0.02355 0.07532 -0.07532
-2.28457 -0.01684 0.07814 -0.07814
-2.26854 -0.00942 0.08105 -0.08105
-2.25251 -0.00132 0.08404 -0.08404
-2.23647 0.00740 0.08712 -0.08712
-2.22044 0.01667 0.09028 -0.09028
-2.20441 0.02643 0.09354 -0.09354
-2.18838 0.03659 0.09690 -0.09690
-2.17234 0.04704 0.10034 -0.10034
-2.15631 0.05768 0.10389 -0.10389
-2.14028 0.06839 0.10753 -0.10753
-2.12425 0.07905 0.11127 -0.11127
-2.10822 0.08951 0.11511 -0.11511
-2.09218 0.09963 0.11905 -0.11905
-2.07615 0.10927 0.12309 -0.12309
-2.06012 0.11827 0.12724 -0.12724
-2.04409 0.12649 0.13150 -0.13150
-2.02806 0.13376 0.13586 -0.13586
-2.01202 0.13993 0.14033 -0.14033
-1.99599 0.14487 0.14492 -0.14492
-1.97996 0.14842 0.14961 -0.14961
-1.96393 0.15047 0.15441 -0.15441
-1.94790 0.15087 0.15933 -0.15933
-1.93186 0.14953 0.16437 -0.16437
-1.91583 0.14636 0.16951 -0.16951
-1.89980 0.14127 0.17478 -0.17478
-1.88377 0.13421 0.18016 -0.18016
-1.86774 0.12516 0.18566 -0.18566
-1.85170 0.11408 0.19128 -0.19128
-1.83567 0.10101 0.19702 -0.19702
-1.81964 0.08596 0.20288 -0.20288
-1.80361 0.06903 0.20886 -0.20886
-1.78758 0.05028 0.21496 -0.21496
-1.77154 0.02985 0.22118 -0.22118
-1.75551 0.00788 0.22752 -0.22752
-1.73948 -0.01546 0.23398 -0.23398
-1.72345 -0.03995 0.24057 -0.24057
-1.70741 -0.06538 0.24728 -0.24728
-1.69138 -0.09149 0.25411 -0.25411
-1.67535 -0.11801 0.26106 -0.26106
-1.65932 -0.14464 0.26813 -0.26813
-1.64329 -0.17108 0.27532 -0.27532
-1.62725 -0.19700 0.28264 -0.28264
-1.61122 -0.22208 0.29007 -0.29007
-1.59519 -0.24596 0.29762 -0.29762
-1.57916 -0.26831 0.30529 -0.30529
-1.56313 -0.28878 0.31308 -0.31308
-1.54709 -0.30704 0.32099 -0.32099
-1.53106 -0.32276 0.32900 -0.32900
-1.51503 -0.33563 0.33714 -0.33714
-1.49900 -0.34537 0.34538 -0.34538
-1.48297 -0.35171 0.35374 -0.35374
-1.46693 -0.35441 0.36220 -0.36220
-1.45090 -0.35327 0.37077 -0.37077
-1.43487 -0.34812 0.37945 -0.37945
-1.41884 -0.33883 0.38823 -0.38823
-1.40281 -0.32533 0.39711 -0.39711
-1.38677 -0.30759 0.40609 -0.40609
-1.37074 -0.28561 0.41517 -0.41517
-1.35471 -0.25947 0.42434 -0.42434
-1.33868 -0.22928 0.43360 -0.43360
-1.32265 -0.19523 0.44295 -0.44295
-1.30661 -0.15755 0.45238 -0.45238
-1.29058 -0.11650 0.46190 -0.46190
-1.27455 -0.07244 0.47150 -0.47150
-1.25852 -0.02574 0.48117 -0.48117
-1.24248 0.02317 0.49091 -0.49091
-1.22645 0.07381 0.50072 -0.50072
-1.21042 0.12567 0.51060 -0.51060
-1.19439 0.17821 0.52054 -0.52054
-1.17836 0.23083 0.53053 -0.53053
-1.16232 0.28296 0.54058 -0.54058
-1.14629 0.33397 0.55068 -0.55068
-1.13026 0.38324 0.56082 -0.56082
-1.11423 0.43014 0.57100 -0.57100
-1.09820 0.47406 0.58122 -0.58122
-1.08216 0.51438 0.59147 -0.59147
-1.06613 0.55054 0.60174 -0.60174
-1.05010 0.58196 0.61204 -0.61204
-1.03407 0.60814 0.62235 -0.62235
-1.01804 0.62861 0.63267 -0.63267
-1.00200 0.64295 0.64300 -0.64300
-0.98597 0.65079 0.65333 -0.65333
-0.96994 0.65185 0.66365 -0.66365
-0.95391 0.64590 0.67396 -0.67396
-0.93788 0.63279 0.68426 -0.68426
-0.92184 0.61246 0.69454 -0.69454
-0.90581 0.58493 0.70479 -0.70479
-0.88978 0.55029 0.71501 -0.71501
-0.87375 0.50873 0.72519 -0.72519
-0.85772 0.46053 0.73532 -0.73532
-0.84168 0.40604 0.74541 -0.74541
-0.82565 0.34571 0.75544 -0.75544
-0.80962 0.28006 0.76540 -0.76540
-0.79359 0.20969 0.77530 -0.77530
-0.77756 0.13525 0.78513 -0.78513
-0.76152 0.05750 0.79488 -0.79488
-0.74549 -0.02279 0.80454 -0.80454
-0.72946 -0.10478 0.81411 -0.81411
-0.71343 -0.18759 0.82358 -0.82358
-0.69739 -0.27033 0.83294 -0.83294
-0.68136 -0.35205 0.84220 -0.84220
-0.66533 -0.43184 0.85134 -0.85134
-0.64930 -0.50877 0.86036 -0.86036
-0.63327 -0.58191 0.86925 -0.86925
-0.61723 -0.65039 0.87801 -0.87801
-0.60120 -0.71334 0.88663 -0.88663
-0.58517 -0.76996 0.89510 -0.89510
-0.56914 -0.81951 0.90342 -0.90342
-0.55311 -0.86130 0.91158 -0.91158
-0.53707 -0.89475 0.91958 -0.91958
-0.52104 -0.91932 0.92742 -0.92742
-0.50501 -0.93461 0.93508 -0.93508
-0.48898 -0.94030 0.94256 -0.94256
-0.47295 -0.93616 0.94985 -0.94985
-0.45691 -0.92211 0.95696 -0.95696
-0.44088 -0.89814 0.96387 -0.96387
-0.42485 -0.86438 0.97058 -0.97058
-0.40882 -0.82107 0.97709 -0.97709
-0.39279 -0.76857 0.98339 -0.98339
-0.37675 -0.70733 0.98948 -0.98948
-0.36072 -0.63792 0.99534 -0.99534
-0.34469 -0.56102 1.00099 -1.00099
-0.32866 -0.47738 1.00640 -1.00640
-0.31263 -0.38785 1.01159 -1.01159
-0.29659 -0.29336 1.01654 -1.01654
-0.28056 -0.19490 1.02126 -1.02126
-0.26453 -0.09351 1.02573 -1.02573
-0.24850 0.00973 1.02996 -1.02996
-0.23246 0.11368 1.03393 -1.03393
-0.21643 0.21723 1.03766 -1.03766
-0.20040 0.31923 1.04113 -1.04113
-0.18437 0.41856 1.04435 -1.04435
-0.16834 0.51411 1.04731 -1.04731
-0.15230 0.60481 1.05000 -1.05000
-0.13627 0.68965 1.05243 -1.05243
-0.12024 0.76768 1.05460 -1.05460
-0.10421 0.83801 1.05650 -1.05650
-0.08818 0.89985 1.05813 -1.05813
-0.07214 0.95249 1.05949 -1.05949
-0.05611 0.99535 1.06058 -1.06058
-0.04008 1.02792 1.06140 -1.06140
-0.02405 1.04985 1.06194 -1.06194
-0.00802 1.06087 1.06222 -1.06222
0.00802 1.06087 1.06222 -1.06222
0.02405 1.04985 1.06194 -1.06194
0.04008 1.02792 1.06140 -1.06140
0.05611 0.99535 1.06058 -1.06058
0.07214 0.95249 1.05949 -1.05949
0.08818 0.89985 1.05813 -1.05813
0.10421 0.83801 1.05650 -1.05650
0.12024 0.76768 1.05460 -1.05460
0.13627 0.68965 1.05243 -1.05243
0.15230 0.60481 1.05000 -1.05000
0.16834 0.51411 1.04731 -1.04731
0.18437 0.41856 1.04435 -1.04435
0.20040 0.31923 1.04113 -1.04113
0.21643 0.21723 1.03766 -1.03766
0.23246 0.11368 1.03393 -1.03393
0.24850 0.00973 1.02996 -1.02996
0.26453 -0.09351 1.02573 -1.02573
0.28056 -0.19490 1.02126 -1.02126
0.29659 -0.29336 1.01654 -1.01654
0.31263 -0.38785 1.01159 -1.01159
0.32866 -0.47738 1.00640 -1.00640
0.34469 -0.56102 1.00099 -1.00099
0.36072 -0.63792 0.99534 -0.99534
0.37675 -0.70733 0.98948 -0.98948
0.39279 -0.76857 0.98339 -0.98339
0.40882 -0.82107 0.97709 -0.97709
0.42485 -0.86438 0.97058 -0.97058
0.44088 -0.89814 0.96387 -0.96387
0.45691 -0.92211 0.95696 -0.95696
0.47295 -0.93616 0.94985 -0.94985
0.48898 -0.94030 0.94256 -0.94256
0.50501 -0.93461 0.93508 -0.93508
0.52104 -0.91932 0.92742 -0.92742
0.53707 -0.89475 0.91958 -0.91958
0.55311 -0.86130 0.91158 -0.91158
0.56914 -0.81951 0.90342 -0.90342
0.58517 -0.76996 0.89510 -0.89510
0.60120 -0.71334 0.88663 -0.88663
0.61723 -0.65039 0.87801 -0.87801
0.63327 -0.58191 0.86925 -0.86925
0.64930 -0.50877 0.86036 -0.86036
0.66533 -0.43184 0.85134 -0.85134
0.68136 -0.35205 0.84220 -0.84220
0.69739 -0.27033 0.83294 -0.83294
0.71343 -0.18759 0.82358 -0.82358
0.72946 -0.10478 0.81411 -0.81411
0.74549 -0.02279 0.80454 -0.80454
0.76152 0.05750 0.79488 -0.79488
0.77756 0.13525 0.78513 -0.78513
0.79359 0.20969 0.77530 -0.77530
0.80962 0.28006 0.76540 -0.76540
0.82565 0.34571 0.75544 -0.75544
0.84168 0.40604 0.74541 -0.74541
0.85772 0.46053 0.73532 -0.73532
0.87375 0.50873 0.72519 -0.72519
0.88978 0.55029 0.71501 -0.71501
0.90581 0.58493 0.70479 -0.70479
0.92184 0.61246 0.69454 -0.69454
0.93788 0.63279 0.68426 -0.68426
0.95391 0.64590 0.67396 -0.67396
0.96994 0.65185 0.66365 -0.66365
0.98597 0.65079 0.65333 -0.65333
1.00200 0.64295 0.64300 -0.64300
1.01804 0.62861 0.63267 -0.63267
1.03407 0.60814 0.62235 -0.62235
1.05010 0.58196 0.61204 -0.61204
1.06613 0.55054 0.60174 -0.60174
1.08216 0.51438 0.59147 -0.59147
1.09820 0.47406 0.58122 -0.58122
1.11423 0.43014 0.57100 -0.57100
1.13026 0.38324 0.56082 -0.56082
1.14629 0.33397 0.55068 -0.55068
1.16232 0.28296 0.54058 -0.54058
1.17836 0.23083 0.53053 -0.53053
1.19439 0.17821 0.52054 -0.52054
1.21042 0.12567 0.51060 -0.51060
1.22645 0.07381 0.50072 -0.50072
1.24248 0.02317 0.49091 -0.49091
1.25852 -0.02574 0.48117 -0.48117
1.27455 -0.07244 0.47150 -0.47150
1.29058 -0.11650 0.46190 -0.46190
1.30661 -0.15755 0.45238 -0.45238
1.32265 -0.19523 0.44295 -0.44295
1.33868 -0.22928 0.43360 -0.43360
1.35471 -0.25947 0.42434 -0.42434
1.37074 -0.28561 0.41517 -0.41517
1.38677 -0.30759 0.40609 -0.40609
1.40281 -0.32533 0.39711 -0.39711
1.41884 -0.33883 0.38823 -0.38823
1.43487 -0.34812 0.37945 -0.37945
1.45090 -0.35327 0.37077 -0.37077
1.46693 -0.35441 0.36220 -0.36220
1.48297 -0.35171 0.35374 -0.35374
1.49900 -0.34537 0.34538 -0.34538
1.51503 -0.33563 0.33714 -0.33714
1.53106 -0.32276 0.32900 -0.32900
1.54709 -0.30704 0.32099 -0.32099
1.56313 -0.28878 0.31308 -0.31308
1.57916 -0.26831 0.30529 -0.30529
1.59519 -0.24596 0.29762 -0.29762
1.61122 -0.22208 0.29007 -0.29007
1.62725 -0.19700 0.28264 -0.28264
1.64329 -0.17108 0.27532 -0.27532
1.65932 -0.14464 0.26813 -0.26813
1.67535 -0.11801 0.26106 -0.26106
1.69138 -0.09149 0.25411 -0.25411
1.70741 -0.06538 0.24728 -0.24728
1.72345 -0.03995 0.24057 -0.24057
1.73948 -0.01546 0.23398 -0.23398
1.75551 0.00788 0.22752 -0.22752
1.77154 0.02985 0.22118 -0.22118
1.78758 0.05028 0.21496 -0.21496
1.80361 0.06903 0.20886 -0.20886
1.81964 0.08596 0.20288 -0.20288
1.83567 0.10101 0.19702 -0.19702
1.85170 0.11408 0.19128 -0.19128
1.86774 0.12516 0.18566 -0.18566
1.88377 0.13421 0.18016 -0.18016
1.89980 0.14127 0.17478 -0.17478
1.91583 0.14636 0.16951 -0.16951
1.93186 0.14953 0.16437 -0.16437
1.94790 0.15087 0.15933 -0.15933
1.96393 0.15047 0.15441 -0.15441
1.97996 0.14842 0.14961 -0.14961
1.99599 0.14487 0.14492 -0.14492
2.01202 0.13993 0.14033 -0.14033
2.02806 0.13376 0.13586 -0.13586
2.04409 0.12649 0.13150 -0.13150
2.06012 0.11827 0.12724 -0.12724
2.07615 0.10927 0.12309 -0.12309
2.09218 0.09963 0.11905 -0.11905
2.10822 0.08951 0.11511 -0.11511
2.12425 0.07905 0.11127 -0.11127
2.14028 0.06839 0.10753 -0.10753
2.15631 0.05768 0.10389 -0.10389
2.17234 0.04704 0.10034 -0.10034
2.18838 0.03659 0.09690 -0.09690
2.20441 0.02643 0.09354 -0.09354
2.22044 0.01667 0.09028 -0.09028
2.23647 0.00740 0.08712 -0.08712
2.25251 -0.00132 0.08404 -0.08404
2.26854 -0.00942 0.08105 -0.08105
2.28457 -0.01684 0.07814 -0.07814
2.30060 -0.02355 0.07532 -0.07532
2.31663 -0.02951 0.07258 -0.07258
2.33267 -0.03471 0.06993 -0.06993
2.34870 -0.03914 0.06735 -0.06735
2.36473 -0.04281 0.06486 -0.06486
2.38076 -0.04572 0.06244 -0.06244
2.39679 -0.04789 0.06009 -0.06009
2.41283 -0.04936 0.05782 -0.05782
2.42886 -0.05015 0.05562 -0.05562
2.44489 -0.05031 0.05349 -0.05349
2.46092 -0.04988 0.05142 -0.05142
2.47695 -0.04891 0.04943 -0.04943
2.49299 -0.04745 0.04750 -0.04750
2.50902 -0.04556 0.04563 -0.04563
2.52505 -0.04328 0.04383 -0.04383
2.54108 -0.04069 0.04208 -0.04208
2.55711 -0.03782 0.04040 -0.04040
2.57315 -0.03475 0.03877 -0.03877
2.58918 -0.03151 0.03720 -0.03720
2.60521 -0.02816 0.03568 -0.03568
2.62124 -0.02476 0.03422 -0.03422
2.63727 -0.02134 0.03280 -0.03280
2.65331 -0.01795 0.03144 -0.03144
2.66934 -0.01462 0.03013 -0.03013
2.68537 -0.01140 0.02886 -0.02886
2.70140 -0.00831 0.02764 -0.02764
2.71743 -0.00538 0.02647 -0.02647
2.73347 -0.00263 0.02534 -0.02534
2.74950 -0.00008 0.02425 -0.02425
2.76553 0.00226 0.02320 -0.02320
2.78156 0.00437 0.02219 -0.02219
2.79760 0.00625 0.02122 -0.02122
2.81363 0.00790 0.02029 -0.02029
2.82966 0.00930 0.01939 -0.01939
2.84569 0.01048 0.01853 -0.01853
2.86172 0.01143 0.01770 -0.01770
2.87776 0.01216 0.01690 -0.01690
2.89379 0.01268 0.01614 -0.01614
2.90982 0.01300 0.01540 -0.01540
2.92585 0.01313 0.01470 -0.01470
2.94188 0.01310 0.01402 -0.01402
2.95792 0.01291 0.01338 -0.01338
2.97395 0.01259 0.01276 -0.01276
2.98998 0.01214 0.01216 -0.01216
3.00601 0.01158 0.01159 -0.01159
3.02204 0.01094 0.01104 -0.01104
3.03808 0.01022 0.01052 -0.01052
3.05411 0.00944 0.01002 -0.01002
3.07014 0.00863 0.00954 -0.00954
3.08617 0.00778 0.00908 -0.00908
3.10220 0.00692 0.00864 -0.00864
3.11824 0.00605 0.00822 -0.00822
3.13427 0.00520 0.00782 -0.00782
3.15030 0.00436 0.00743 -0.00743
3.16633 0.00355 0.00707 -0.00707
3.18236 0.00277 0.00672 -0.00672
3.19840 0.00203 0.00638 -0.00638
3.21443 0.00134 0.00606 -0.00606
3.23046 0.00070 0.00576 -0.00576
3.24649 0.00012 0.00546 -0.00546
3.26253 -0.00041 0.00519 -0.00519
3.27856 -0.00088 0.00492 -0.00492
3.29459 -0.00129 0.00467 -0.00467
3.31062 -0.00165 0.00443 -0.00443
3.32665 -0.00195 0.00420 -0.00420
3.34269 -0.00219 0.00398 -0.00398
3.35872 -0.00238 0.00377 -0.00377
3.37475 -0.00252 0.00357 -0.00357
3.39078 -0.00262 0.00339 -0.00339
3.40681 -0.00267 0.00321 -0.00321
3.42285 -0.00269 0.00303 -0.00303
3.43888 -0.00266 0.00287 -0.00287
3.45491 -0.00261 0.00272 -0.00272
3.47094 -0.00253 0.00257 -0.00257
3.48697 -0.00242 0.00243 -0.00243
3.50301 -0.00230 0.00230 -0.00230
3.51904 -0.00216 0.00217 -0.00217
3.53507 -0.00200 0.00205 -0.00205
3.55110 -0.00184 0.00194 -0.00194
3.56713 -0.00167 0.00183 -0.00183
3.58317 -0.00150 0.00173 -0.00173
3.59920 -0.00133 0.00163 -0.00163
3.61523 -0.00116 0.00154 -0.00154
3.63126 -0.00099 0.00146 -0.00146
3.64729 -0.00083 0.00137 -0.00137
3.66333 -0.00067 0.00129 -0.00129
3.67936 -0.00052 0.00122 -0.00122
3.69539 -0.00039 0.00115 -0.00115
3.71142 -0.00026 0.00108 -0.00108
3.72745 -0.00014 0.00102 -0.00102
3.74349 -0.00004 0.00096 -0.00096
3.75952 0.00005 0.00091 -0.00091
3.77555 0.00014 0.00085 -0.00085
3.79158 0.00021 0.00080 -0.00080
3.80762 0.00027 0.00076 -0.00076
3.82365 0.00032 0.00071 -0.00071
3.83968 0.00036 0.00067 -0.00067
3.85571 0.00039 0.00063 -0.00063
3.87174 0.00041 0.00059 -0.00059
3.88778 0.00042 0.00055 -0.00055
3.90381 0.00043 0.00052 -0.00052
3.91984 0.00043 0.00049 -0.00049
3.93587 0.00042 0.00046 -0.00046
3.95190 0.00041 0.00043 -0.00043
3.96794 0.00040 0.00040 -0.00040
3.98397 0.00038 0.00038 -0.00038
4.00000 0.00036 0.00036 -0.00036
