-1.915613e-07 -0.0127995
-1.907613e-07 -0.00639974
-1.899613e-07 -0.00319987
-1.891613e-07 -0.0159994
-1.883613e-07 0.00319987
-1.875613e-07 -0.0127995
-1.867613e-07 0.0159994
-1.859613e-07 -0.0191992
-1.851613e-07 0.0223991
-1.843613e-07 -0.0287988
-1.835613e-07 0.0191992
-1.827613e-07 -0.0351986
-1.819613e-07 0.00319987
-1.811613e-07 -0.0447982
-1.803613e-07 -0.00639974
-1.795613e-07 0.0127995
-1.787613e-07 -0.00639974
-1.779613e-07 0.00319987
-1.771613e-07 -0.0223991
-1.763613e-07 0.00319987
-1.755613e-07 -0.0159994
-1.747613e-07 -0.00319987
-1.739613e-07 -0.025599
-1.731613e-07 0.0159994
-1.723613e-07 -0.0351986
-1.715613e-07 0.00959962
-1.707613e-07 -0.0159994
-1.699613e-07 0
-1.691613e-07 0.0159994
-1.683613e-07 -0.0319987
-1.675613e-07 0.00639974
-1.667613e-07 -0.0383985
-1.659613e-07 0.0351986
-1.651613e-07 -0.00319987
-1.643613e-07 -0.0191992
-1.635613e-07 -0.0223991
-1.627613e-07 0.025599
-1.619613e-07 -0.0159994
-1.611613e-07 -0.0127995
-1.603613e-07 -0.0127995
-1.595613e-07 -0.00319987
-1.587613e-07 0.00319987
-1.579613e-07 -0.0383985
-1.571613e-07 0.00639974
-1.563613e-07 0.00959962
-1.555613e-07 -0.00319987
-1.547613e-07 -0.00639974
-1.539613e-07 0.0159994
-1.531613e-07 -0.0159994
-1.523613e-07 -0.0223991
-1.515613e-07 -0.0127995
-1.507613e-07 -0.0287988
-1.499613e-07 0.00959962
-1.491613e-07 0.00639974
-1.483613e-07 -0.00639974
-1.475613e-07 -0.0191992
-1.467613e-07 0.00959962
-1.459613e-07 0.0191992
-1.451613e-07 -0.025599
-1.443613e-07 -0.0159994
-1.435613e-07 0.0223991
-1.427613e-07 -0.0127995
-1.419613e-07 -0.00319987
-1.411613e-07 -0.00639974
-1.403613e-07 -0.00319987
-1.395613e-07 0.00639974
-1.387613e-07 -0.00959962
-1.379613e-07 -0.0223991
-1.371613e-07 0.00959962
-1.363613e-07 -0.0319987
-1.355613e-07 0.00959962
-1.347613e-07 -0.00639974
-1.339613e-07 -0.025599
-1.331613e-07 -0.0159994
-1.323613e-07 0.00319987
-1.315613e-07 0.00959962
-1.307613e-07 -0.00639974
-1.299613e-07 -0.0127995
-1.291613e-07 0.0127995
-1.283613e-07 -0.0127995
-1.275613e-07 0
-1.267613e-07 0.00959962
-1.259613e-07 -0.0159994
-1.251613e-07 -0.00959962
-1.243613e-07 -0.025599
-1.235613e-07 -0.00639974
-1.227613e-07 -0.0287988
-1.219613e-07 0.00639974
-1.211613e-07 -0.0159994
-1.203613e-07 -0.00639974
-1.195613e-07 -0.0223991
-1.187613e-07 0.0223991
-1.179613e-07 -0.00639974
-1.171613e-07 -0.0351986
-1.163613e-07 0.00639974
-1.155613e-07 -0.0127995
-1.147613e-07 -0.00319987
-1.139613e-07 -0.00639974
-1.131613e-07 0.0383985
-1.123613e-07 -0.025599
-1.115613e-07 0
-1.107613e-07 -0.0159994
-1.099613e-07 0.0127995
-1.091613e-07 -0.025599
-1.083613e-07 -0.0127995
-1.075613e-07 0.0351986
-1.067613e-07 -0.00639974
-1.059613e-07 -0.00319987
-1.051613e-07 0.0159994
-1.043613e-07 -0.0159994
-1.035613e-07 0
-1.027613e-07 0.025599
-1.019613e-07 -0.0351986
-1.011613e-07 0.00319987
-1.003613e-07 -0.00319987
-9.956135e-08 0.00959962
-9.876135e-08 -0.00639974
-9.796135e-08 -0.0159994
-9.716135e-08 0.0159994
-9.636135e-08 -0.0159994
-9.556135e-08 -0.0127995
-9.476135e-08 -0.0127995
-9.396135e-08 -0.0127995
-9.316135e-08 -0.00319987
-9.236135e-08 0.0159994
-9.156135e-08 -0.0383985
-9.076135e-08 0.0159994
-8.996135e-08 -0.00319987
-8.916135e-08 0.0191992
-8.836135e-08 -0.025599
-8.756135e-08 -0.00319987
-8.676135e-08 -0.00639974
-8.596135e-08 0.00639974
-8.516135e-08 -0.0159994
-8.436135e-08 0.00319987
-8.356135e-08 0.0159994
-8.276135e-08 0
-8.196135e-08 0.00959962
-8.116135e-08 -0.0287988
-8.036135e-08 -0.00639974
-7.956135e-08 -0.0191992
-7.876135e-08 0.00319987
-7.796135e-08 0.00319987
-7.716135e-08 -0.0191992
-7.636135e-08 -0.00639974
-7.556135e-08 0.0127995
-7.476135e-08 -0.0191992
-7.396135e-08 0.00959962
-7.316135e-08 -0.00639974
-7.236135e-08 -0.0447982
-7.156135e-08 -0.00319987
-7.076135e-08 -0.00959962
-6.996135e-08 -0.00639974
-6.916135e-08 -0.00319987
-6.836135e-08 0.00319987
-6.756135e-08 -0.0159994
-6.676135e-08 0.0351986
-6.596135e-08 -0.0319987
-6.516135e-08 0.00639974
-6.436135e-08 -0.0447982
-6.356135e-08 0.00639974
-6.276135e-08 0.00319987
-6.196135e-08 -0.0127995
-6.116135e-08 -0.00319987
-6.036135e-08 0.00639974
-5.956135e-08 0.00319987
-5.876135e-08 -0.0191992
-5.796135e-08 -0.0383985
-5.716135e-08 -0.00319987
-5.636135e-08 0.0191992
-5.556135e-08 -0.0159994
-5.476135e-08 0.0383985
-5.396135e-08 -0.0223991
-5.316135e-08 -0.00959962
-5.236135e-08 0.00639974
-5.156135e-08 0.00639974
-5.076135e-08 -0.0127995
-4.996135e-08 0.00639974
-4.916135e-08 -0.0159994
-4.836135e-08 -0.00959962
-4.756135e-08 -0.0351986
-4.676135e-08 0.00639974
-4.596135e-08 0.00959962
-4.516135e-08 -0.0319987
-4.436135e-08 -0.00319987
-4.356135e-08 0.0287988
-4.276135e-08 -0.00639974
-4.196135e-08 -0.0383985
-4.116135e-08 0.00639974
-4.036135e-08 -0.0319987
-3.956135e-08 0
-3.876135e-08 -0.0383985
-3.796135e-08 0.0223991
-3.716135e-08 -0.0223991
-3.636135e-08 -0.0159994
-3.556135e-08 0.00639974
-3.476135e-08 -0.00959962
-3.396135e-08 -0.00959962
-3.316135e-08 0.00639974
-3.236135e-08 -0.00639974
-3.156135e-08 -0.00959962
-3.076135e-08 0.0223991
-2.996135e-08 -0.0223991
-2.916135e-08 0.0127995
-2.836135e-08 -0.0287988
-2.756135e-08 0.00959962
-2.676135e-08 -0.0127995
-2.596135e-08 0.00319987
-2.516135e-08 -0.025599
-2.436135e-08 0.025599
-2.356135e-08 0.0479981
-2.276135e-08 0.0863965
-2.196135e-08 0.0863965
-2.116135e-08 0.00959962
-2.036135e-08 0.00639974
-1.956135e-08 -0.0543978
-1.876135e-08 -0.0351986
-1.796135e-08 -0.00319987
-1.716135e-08 0.0767969
-1.636135e-08 0.115195
-1.556135e-08 0.0703972
-1.476135e-08 -0.131195
-1.396135e-08 -0.0671973
-1.316135e-08 0.00639974
-1.236135e-08 0.108796
-1.156135e-08 0.0447982
-1.076135e-08 -0.0447982
-9.961348e-09 -0.0831967
-9.161348e-09 -0.0895964
-8.361348e-09 -0.0799968
-7.561348e-09 -0.137594
-6.761348e-09 -0.319987
-5.961348e-09 -0.339186
-5.161348e-09 -0.150394
-4.361348e-09 -0.118395
-3.561348e-09 -0.0287988
-2.761348e-09 0.0703972
-1.961348e-09 0.0127995
-1.161348e-09 -0.0927963
-3.613479e-10 -0.348786
4.386521e-10 -0.297588
1.238652e-09 -0.355186
2.038652e-09 -0.0831967
2.838652e-09 0.111996
3.638652e-09 0.0703972
4.438652e-09 -0.150394
5.238652e-09 -0.25599
6.038652e-09 -0.236791
6.838652e-09 -0.156794
7.638652e-09 0.121595
8.438652e-09 0.281589
9.238652e-09 0.188792
1.003865e-08 0.147194
1.083865e-08 0.169593
1.163865e-08 0.278389
1.243865e-08 0.118395
1.323865e-08 0.0543978
1.403865e-08 -0.294388
1.483865e-08 -0.332787
1.563865e-08 -0.150394
1.643865e-08 0.233591
1.723865e-08 0.191992
1.803865e-08 0.102396
1.883865e-08 -0.159994
1.963865e-08 -0.24319
2.043865e-08 -0.214391
2.123865e-08 -0.0863965
2.203865e-08 0.0735971
2.283865e-08 0.24959
2.363865e-08 0.230391
2.443865e-08 0.099196
2.523865e-08 -0.172793
2.603865e-08 -0.166393
2.683865e-08 -0.159994
2.763865e-08 0.0223991
2.843865e-08 0.124795
2.923865e-08 0.281589
3.003865e-08 0.214391
3.083865e-08 0.0415983
3.163865e-08 0.147194
3.243865e-08 0.291188
3.323865e-08 0.275189
3.403865e-08 0.0927963
3.483865e-08 0.051198
3.563865e-08 -0.25919
3.643865e-08 -0.409584
3.723865e-08 -0.409584
3.803865e-08 -0.409584
3.883865e-08 -0.291188
3.963865e-08 -0.099196
4.043865e-08 -0.0319987
4.123865e-08 0.111996
4.203865e-08 0.105596
4.283865e-08 -0.153594
4.363865e-08 -0.335987
4.443865e-08 -0.24639
4.523865e-08 -0.265589
4.603865e-08 -0.265589
4.683865e-08 -0.230391
4.763865e-08 -0.051198
4.843865e-08 -0.0383985
4.923865e-08 0.102396
5.003865e-08 0.201592
5.083865e-08 0.271989
5.163865e-08 0.25599
5.243865e-08 0.217591
5.323865e-08 -0.0159994
5.403865e-08 0.105596
5.483865e-08 0.166393
5.563865e-08 0.287988
5.643865e-08 0.265589
5.723865e-08 0.281589
5.803865e-08 0.207992
5.883865e-08 0.159994
5.963865e-08 -0.00639974
6.043865e-08 0.169593
6.123865e-08 0.0223991
6.203865e-08 0.099196
6.283865e-08 0.198392
6.363865e-08 0.406384
6.443865e-08 0.406384
6.523865e-08 0.319987
6.603865e-08 0.25279
6.683865e-08 0.406384
6.763865e-08 0.406384
6.843865e-08 0.406384
6.923865e-08 0.329587
7.003865e-08 0.201592
7.083865e-08 0.0447982
7.163865e-08 0.00959962
7.243865e-08 -0.0639974
7.323865e-08 0.108796
7.403865e-08 0.211192
7.483865e-08 0.377585
7.563865e-08 0.24319
7.643865e-08 0.0863965
7.723865e-08 -0.0831967
7.803865e-08 -0.25599
7.883865e-08 -0.393584
7.963865e-08 -0.265589
8.043865e-08 -0.25599
8.123865e-08 -0.127995
8.203865e-08 0.025599
8.283865e-08 0.0895964
8.363865e-08 0.137594
8.443865e-08 0.150394
8.523865e-08 0.108796
8.603865e-08 -0.0127995
8.683865e-08 -0.281589
8.763865e-08 -0.271989
8.843865e-08 -0.182393
8.923865e-08 0.175993
9.003865e-08 0.380785
9.083865e-08 0.387185
9.163865e-08 0.150394
9.243865e-08 0.025599
9.323865e-08 -0.179193
9.403865e-08 -0.108796
9.483865e-08 0.147194
9.563865e-08 0.105596
9.643865e-08 -0.0479981
9.723865e-08 -0.175993
9.803865e-08 -0.294388
9.883865e-08 -0.175993
9.963865e-08 -0.156794
1.004387e-07 -0.0159994
1.012387e-07 -0.0575977
1.020387e-07 -0.0415983
1.028387e-07 -0.0799968
1.036387e-07 0.108796
1.044387e-07 0.137594
1.052387e-07 0.0799968
1.060387e-07 -0.0735971
1.068387e-07 -0.131195
1.076387e-07 -0.115195
1.084387e-07 -0.102396
1.092387e-07 -0.00959962
1.100387e-07 0.0479981
1.108387e-07 0.0959962
1.116387e-07 0.0959962
1.124387e-07 0.0895964
1.132387e-07 0.0703972
1.140387e-07 0.0191992
1.148387e-07 -0.0127995
1.156387e-07 0
1.164387e-07 0.137594
1.172387e-07 -0.175993
1.180387e-07 -0.179193
1.188387e-07 -0.118395
1.196387e-07 0.105596
1.204387e-07 -0.0127995
1.212387e-07 0.0191992
1.220387e-07 0.0479981
1.228387e-07 0.0767969
1.236387e-07 0.0831967
1.244387e-07 0.137594
1.252387e-07 -0.0767969
1.260387e-07 -0.223991
1.268387e-07 -0.0607976
1.276387e-07 -0.00639974
1.284387e-07 0.025599
1.292387e-07 0.0223991
1.300387e-07 -0.0895964
1.308387e-07 -0.329587
1.316387e-07 -0.287988
1.324387e-07 -0.105596
1.332387e-07 0.00319987
1.340387e-07 0.156794
1.348387e-07 0.115195
1.356387e-07 -0.0447982
1.364387e-07 -0.166393
1.372387e-07 -0.105596
1.380387e-07 -0.0127995
1.388387e-07 0.0639974
1.396387e-07 0.051198
1.404387e-07 -0.0575977
1.412387e-07 -0.24959
1.420387e-07 -0.23999
1.428387e-07 -0.25279
1.436387e-07 -0.153594
1.444387e-07 -0.0895964
1.452387e-07 0.0383985
1.460387e-07 0
1.468387e-07 -0.0863965
1.476387e-07 -0.111996
1.484387e-07 -0.105596
1.492387e-07 -0.131195
1.500387e-07 -0.099196
1.508387e-07 0.099196
1.516387e-07 0.24639
1.524387e-07 0.371185
1.532387e-07 0.332787
1.540387e-07 0.26239
1.548387e-07 0.0639974
1.556387e-07 -0.0671973
1.564387e-07 0.0191992
1.572387e-07 0.0927963
1.580387e-07 -0.0639974
1.588387e-07 -0.223991
1.596387e-07 -0.25919
1.604387e-07 -0.108796
1.612387e-07 0.0703972
1.620387e-07 0.0831967
1.628387e-07 -0.0735971
1.636387e-07 -0.236791
1.644387e-07 -0.153594
1.652387e-07 -0.0479981
1.660387e-07 0.105596
1.668387e-07 0.163193
1.676387e-07 -0.0223991
1.684387e-07 -0.198392
1.692387e-07 -0.0351986
1.700387e-07 0.0159994
1.708387e-07 0.0191992
1.716387e-07 0.0383985
1.724387e-07 0.0415983
1.732387e-07 0.0703972
1.740387e-07 0.191992
1.748387e-07 0.275189
1.756387e-07 0.179193
1.764387e-07 0.102396
1.772387e-07 0.121595
1.780387e-07 0.111996
1.788387e-07 0.115195
1.796387e-07 0.204792
1.804387e-07 0.121595
1.812387e-07 -0.00959962
1.820387e-07 -0.188792
1.828387e-07 -0.24959
1.836387e-07 -0.271989
1.844387e-07 -0.24319
1.852387e-07 -0.0831967
1.860387e-07 0.00639974
1.868387e-07 0.0383985
1.876387e-07 -0.0639974
1.884387e-07 -0.201592
1.892387e-07 -0.278389
1.900387e-07 -0.191992
1.908387e-07 -0.166393
1.916387e-07 -0.0703972
1.924387e-07 -0.0799968
1.932387e-07 -0.0831967
1.940387e-07 -0.105596
1.948387e-07 -0.00959962
1.956387e-07 0.0319987
1.964387e-07 0.00959962
1.972387e-07 -0.159994
1.980387e-07 -0.323187
1.988387e-07 -0.191992
1.996387e-07 -0.00959962
2.004387e-07 0.0223991
2.012387e-07 -0.0351986
2.020387e-07 -0.102396
2.028387e-07 -0.185593
2.036387e-07 -0.201592
2.044387e-07 -0.143994
2.052387e-07 0.0223991
2.060387e-07 -0.0671973
2.068387e-07 -0.140794
2.076387e-07 -0.236791
2.084387e-07 -0.230391
2.092387e-07 0.0127995
2.100387e-07 0.147194
2.108387e-07 0.0831967
2.116387e-07 0.0831967
2.124387e-07 0.0415983
2.132387e-07 0.00319987
2.140387e-07 0.00319987
2.148387e-07 -0.0127995
2.156387e-07 -0.0607976
2.164387e-07 -0.153594
2.172387e-07 -0.188792
2.180387e-07 -0.0575977
2.188387e-07 0.0447982
2.196387e-07 0.127995
2.204387e-07 -0.0479981
2.212387e-07 -0.163193
2.220387e-07 -0.204792
2.228387e-07 -0.0959962
2.236387e-07 0.0127995
2.244387e-07 0.0959962
2.252387e-07 -0.00319987
2.260387e-07 -0.00959962
2.268387e-07 -0.0287988
2.276387e-07 0.0927963
2.284387e-07 0.118395
2.292387e-07 0.195192
2.300387e-07 0.140794
2.308387e-07 0.0959962
2.316387e-07 0.0607976
2.324387e-07 -0.147194
2.332387e-07 -0.147194
2.340387e-07 -0.0383985
2.348387e-07 0.0159994
2.356387e-07 0.00959962
2.364387e-07 0.0191992
2.372387e-07 0.00319987
2.380387e-07 0.0479981
2.388387e-07 0.118395
2.396387e-07 0.172793
2.404387e-07 0.099196
2.412387e-07 0.0543978
2.420387e-07 0.0703972
2.428387e-07 0
2.436387e-07 -0.00319987
2.444387e-07 -0.0607976
2.452387e-07 -0.0607976
2.460387e-07 -0.105596
2.468387e-07 0.00319987
2.476387e-07 0.0575977
2.484387e-07 0.153594
2.492387e-07 0.137594
2.500387e-07 0.0703972
2.508387e-07 -0.0575977
2.516387e-07 -0.099196
2.524387e-07 -0.0575977
2.532387e-07 0.0319987
2.540387e-07 0.0799968
2.548387e-07 0.0799968
2.556387e-07 -0.0191992
2.564387e-07 -0.0639974
2.572387e-07 -0.025599
2.580387e-07 -0.00639974
2.588387e-07 0.0607976
2.596387e-07 0.0191992
2.604387e-07 0.0191992
2.612387e-07 -0.051198
2.620387e-07 -0.121595
2.628387e-07 -0.0479981
2.636387e-07 0.0735971
2.644387e-07 0.051198
2.652387e-07 -0.0287988
2.660387e-07 -0.102396
2.668387e-07 -0.0831967
2.676387e-07 -0.0543978
2.684387e-07 0.0447982
2.692387e-07 0.0607976
2.700387e-07 -0.00319987
2.708387e-07 -0.0671973
2.716387e-07 -0.118395
2.724387e-07 -0.182393
2.732387e-07 -0.0959962
2.740387e-07 0.0607976
2.748387e-07 0.0287988
2.756387e-07 0.00639974
2.764387e-07 -0.0415983
2.772387e-07 -0.0383985
2.780387e-07 0.0447982
2.788387e-07 0.0191992
2.796387e-07 0.00639974
2.804387e-07 -0.147194
2.812387e-07 -0.105596
2.820387e-07 -0.00639974
2.828387e-07 0.0127995
2.836387e-07 -0.0223991
2.844387e-07 -0.0415983
2.852387e-07 -0.147194
2.860387e-07 -0.217591
2.868387e-07 -0.115195
2.876387e-07 0.0159994
2.884387e-07 0.0703972
2.892387e-07 0.051198
2.900387e-07 0.0415983
2.908387e-07 -0.0863965
2.916387e-07 -0.0863965
2.924387e-07 0.0383985
2.932387e-07 0.0351986
2.940387e-07 -0.051198
2.948387e-07 -0.00639974
2.956387e-07 0.0703972
2.964387e-07 0.0383985
2.972387e-07 -0.0191992
2.980387e-07 0.0799968
2.988387e-07 0.111996
2.996387e-07 0.0319987
3.004387e-07 0.00319987
3.012387e-07 -0.0479981
3.020387e-07 -0.051198
3.028387e-07 0.00959962
3.036387e-07 0.137594
3.044387e-07 0.00639974
3.052387e-07 -0.0575977
3.060387e-07 -0.00959962
3.068387e-07 -0.00959962
