-1.696876e-07 0.00639975
-1.691876e-07 -0.00639975
-1.686876e-07 0.0111996
-1.681876e-07 -0.00319988
-1.676876e-07 -0.00639975
-1.671876e-07 -0.0127995
-1.666876e-07 -0.0143994
-1.661876e-07 0.00639975
-1.656876e-07 0.00479982
-1.651876e-07 -0.00319988
-1.646876e-07 0.00159994
-1.641876e-07 0.00799969
-1.636876e-07 0.0111996
-1.631876e-07 -0.00159994
-1.626876e-07 -0.00639975
-1.621876e-07 0.00319988
-1.616876e-07 0.00959963
-1.611876e-07 0
-1.606876e-07 0.0143994
-1.601876e-07 -0.0111996
-1.596876e-07 -0.00479982
-1.591876e-07 -0.00479982
-1.586876e-07 0.00159994
-1.581876e-07 -0.00639975
-1.576876e-07 -0.00639975
-1.571876e-07 0.00479982
-1.566876e-07 0.00799969
-1.561876e-07 0.00479982
-1.556876e-07 0.00319988
-1.551876e-07 -0.00159994
-1.546876e-07 -0.00959963
-1.541876e-07 -0.00159994
-1.536876e-07 -0.00959963
-1.531876e-07 -0.00799969
-1.526876e-07 0.00479982
-1.521876e-07 0.00959963
-1.516876e-07 0.00479982
-1.511876e-07 0
-1.506876e-07 0
-1.501876e-07 -0.00159994
-1.496876e-07 0.00479982
-1.491876e-07 0.00159994
-1.486876e-07 0
-1.481876e-07 -0.0159994
-1.476876e-07 -0.00319988
-1.471876e-07 -0.0143994
-1.466876e-07 0.00319988
-1.461876e-07 0.00319988
-1.456876e-07 0.00799969
-1.451876e-07 0
-1.446876e-07 0.00639975
-1.441876e-07 0
-1.436876e-07 0.00799969
-1.431876e-07 0.0191993
-1.426876e-07 -0.00799969
-1.421876e-07 -0.00479982
-1.416876e-07 -0.00159994
-1.411876e-07 0.00959963
-1.406876e-07 0
-1.401876e-07 -0.00959963
-1.396876e-07 0.00639975
-1.391876e-07 0.00799969
-1.386876e-07 0
-1.381876e-07 0.00799969
-1.376876e-07 0.00639975
-1.371876e-07 0.0143994
-1.366876e-07 0.00479982
-1.361876e-07 -0.00159994
-1.356876e-07 -0.00639975
-1.351876e-07 -0.00479982
-1.346876e-07 0.00799969
-1.341876e-07 0
-1.336876e-07 -0.00319988
-1.331876e-07 -0.00159994
-1.326876e-07 -0.00479982
-1.321876e-07 0.00159994
-1.316876e-07 0
-1.311876e-07 0.00159994
-1.306876e-07 0.00159994
-1.301876e-07 -0.0111996
-1.296876e-07 0.00639975
-1.291876e-07 0.00159994
-1.286876e-07 -0.00159994
-1.281876e-07 -0.00319988
-1.276876e-07 -0.0143994
-1.271876e-07 0.00159994
-1.266876e-07 0.00159994
-1.261876e-07 -0.00159994
-1.256876e-07 -0.00159994
-1.251876e-07 -0.00159994
-1.246876e-07 0.00319988
-1.241876e-07 0.00319988
-1.236876e-07 -0.00479982
-1.231876e-07 0.00479982
-1.226876e-07 -0.0175993
-1.221876e-07 0.00479982
-1.216876e-07 0.00799969
-1.211876e-07 0.00959963
-1.206876e-07 -0.0143994
-1.201876e-07 0.00319988
-1.196876e-07 -0.00799969
-1.191876e-07 0.00639975
-1.186876e-07 0.00799969
-1.181876e-07 0.00159994
-1.176876e-07 -0.00639975
-1.171876e-07 -0.00799969
-1.166876e-07 -0.0111996
-1.161876e-07 0.0127995
-1.156876e-07 0.0127995
-1.151876e-07 0.00479982
-1.146876e-07 0.00639975
-1.141876e-07 -0.00479982
-1.136876e-07 0.00159994
-1.131876e-07 -0.00159994
-1.126876e-07 0.00159994
-1.121876e-07 -0.00319988
-1.116876e-07 -0.00799969
-1.111876e-07 0.00479982
-1.106876e-07 -0.00319988
-1.101876e-07 0
-1.096876e-07 0.0127995
-1.091876e-07 -0.00479982
-1.086876e-07 0
-1.081876e-07 0.00959963
-1.076876e-07 -0.00319988
-1.071876e-07 0.00479982
-1.066876e-07 0
-1.061876e-07 -0.00159994
-1.056876e-07 -0.00959963
-1.051876e-07 -0.00479982
-1.046876e-07 0.00319988
-1.041876e-07 0.00959963
-1.036876e-07 0.00799969
-1.031876e-07 -0.00159994
-1.026876e-07 0.00639975
-1.021876e-07 0.00479982
-1.016876e-07 -0.00479982
-1.011876e-07 0
-1.006876e-07 -0.00479982
-1.001876e-07 0
-9.96876e-08 0.0111996
-9.91876e-08 -0.00319988
-9.86876e-08 -0.00319988
-9.81876e-08 -0.00319988
-9.76876e-08 0.00159994
-9.71876e-08 -0.00959963
-9.66876e-08 0.00799969
-9.61876e-08 0
-9.56876e-08 -0.00159994
-9.51876e-08 -0.00479982
-9.46876e-08 -0.00799969
-9.41876e-08 -0.00479982
-9.36876e-08 0.00799969
-9.31876e-08 0.00159994
-9.26876e-08 0.00159994
-9.21876e-08 0.00319988
-9.16876e-08 0.00799969
-9.11876e-08 0.00479982
-9.06876e-08 0.0111996
-9.01876e-08 -0.00319988
-8.96876e-08 -0.0127995
-8.91876e-08 -0.00639975
-8.86876e-08 -0.00159994
-8.81876e-08 -0.00639975
-8.76876e-08 0.00319988
-8.71876e-08 0
-8.66876e-08 -0.00319988
-8.61876e-08 -0.00159994
-8.56876e-08 -0.00159994
-8.51876e-08 0.0111996
-8.46876e-08 0.0159994
-8.41876e-08 -0.00159994
-8.36876e-08 -0.00799969
-8.31876e-08 -0.00639975
-8.26876e-08 0.00319988
-8.21876e-08 0.00479982
-8.16876e-08 0.00639975
-8.11876e-08 -0.0127995
-8.06876e-08 -0.00959963
-8.01876e-08 0.00159994
-7.96876e-08 0.00959963
-7.91876e-08 0.00959963
-7.86876e-08 -0.00959963
-7.81876e-08 -0.00639975
-7.76876e-08 -0.00159994
-7.71876e-08 0.00799969
-7.66876e-08 0.00159994
-7.61876e-08 -0.00479982
-7.56876e-08 0.00479982
-7.51876e-08 -0.0127995
-7.46876e-08 0.00479982
-7.41876e-08 0.00159994
-7.36876e-08 0.00479982
-7.31876e-08 0.00799969
-7.26876e-08 0.0159994
-7.21876e-08 -0.00479982
-7.16876e-08 -0.0143994
-7.11876e-08 -0.00479982
-7.06876e-08 0.00799969
-7.01876e-08 0
-6.96876e-08 -0.0143994
-6.91876e-08 -0.00159994
-6.86876e-08 0.0159994
-6.81876e-08 0.00959963
-6.76876e-08 0.00159994
-6.71876e-08 -0.00959963
-6.66876e-08 -0.0143994
-6.61876e-08 0.00159994
-6.56876e-08 -0.00159994
-6.51876e-08 -0.00479982
-6.46876e-08 -0.0191993
-6.41876e-08 0.00319988
-6.36876e-08 -0.00639975
-6.31876e-08 -0.00799969
-6.26876e-08 -0.00639975
-6.21876e-08 -0.00479982
-6.16876e-08 0.0159994
-6.11876e-08 0.00319988
-6.06876e-08 0
-6.01876e-08 -0.0127995
-5.96876e-08 0.025599
-5.91876e-08 0.00959963
-5.86876e-08 -0.00479982
-5.81876e-08 0.00639975
-5.76876e-08 0.00639975
-5.71876e-08 0.0111996
-5.66876e-08 0.00639975
-5.61876e-08 -0.00319988
-5.56876e-08 0
-5.51876e-08 0.00319988
-5.46876e-08 0.00479982
-5.41876e-08 0.00959963
-5.36876e-08 0.00959963
-5.31876e-08 -0.00959963
-5.26876e-08 -0.0111996
-5.21876e-08 0.00319988
-5.16876e-08 0.00799969
-5.11876e-08 -0.00479982
-5.06876e-08 -0.00479982
-5.01876e-08 0
-4.96876e-08 0.00159994
-4.91876e-08 0.00159994
-4.86876e-08 0.00319988
-4.81876e-08 -0.00319988
-4.76876e-08 0
-4.71876e-08 -0.00799969
-4.66876e-08 0.00319988
-4.61876e-08 0.00639975
-4.56876e-08 0.00319988
-4.51876e-08 -0.00159994
-4.46876e-08 0
-4.41876e-08 0.00479982
-4.36876e-08 -0.00479982
-4.31876e-08 0.00639975
-4.26876e-08 -0.00799969
-4.21876e-08 0.00799969
-4.16876e-08 -0.00799969
-4.11876e-08 0.00159994
-4.06876e-08 -0.00479982
-4.01876e-08 0.00319988
-3.96876e-08 0.00479982
-3.91876e-08 0.00159994
-3.86876e-08 0
-3.81876e-08 -0.00479982
-3.76876e-08 0.00319988
-3.71876e-08 0.00319988
-3.66876e-08 0.00159994
-3.61876e-08 -0.00159994
-3.56876e-08 -0.0127995
-3.51876e-08 0
-3.46876e-08 0.0111996
-3.41876e-08 0.00319988
-3.36876e-08 -0.00639975
-3.31876e-08 0.00159994
-3.26876e-08 0.00479982
-3.21876e-08 -0.00319988
-3.16876e-08 0.00159994
-3.11876e-08 0.00959963
-3.06876e-08 -0.00959963
-3.01876e-08 -0.00319988
-2.96876e-08 -0.00799969
-2.91876e-08 -0.00479982
-2.86876e-08 -0.00479982
-2.81876e-08 -0.00639975
-2.76876e-08 0.00159994
-2.71876e-08 0.0111996
-2.66876e-08 0.00639975
-2.61876e-08 0.00799969
-2.56876e-08 0.00639975
-2.51876e-08 -0.00959963
-2.46876e-08 -0.00799969
-2.41876e-08 -0.00799969
-2.36876e-08 0.00479982
-2.31876e-08 -0.0175993
-2.26876e-08 -0.00479982
-2.21876e-08 -0.00159994
-2.16876e-08 0
-2.11876e-08 0.00959963
-2.06876e-08 0.00479982
-2.01876e-08 -0.00639975
-1.96876e-08 0
-1.91876e-08 0.00319988
-1.86876e-08 0.0111996
-1.81876e-08 -0.0111996
-1.76876e-08 -0.00959963
-1.71876e-08 0.00159994
-1.66876e-08 0.00319988
-1.61876e-08 0.00319988
-1.56876e-08 0.00319988
-1.51876e-08 0.00959963
-1.46876e-08 0.00479982
-1.41876e-08 -0.00639975
-1.36876e-08 0
-1.31876e-08 -0.00479982
-1.26876e-08 0.00159994
-1.21876e-08 0.00639975
-1.16876e-08 0
-1.11876e-08 -0.00159994
-1.06876e-08 -0.00479982
-1.01876e-08 0
-9.687601e-09 0.0111996
-9.187601e-09 0.0159994
-8.687601e-09 -0.0223991
-8.187601e-09 -0.0159994
-7.687601e-09 -0.0143994
-7.187601e-09 0.0367986
-6.687601e-09 0.0815969
-6.187601e-09 0.027199
-5.687601e-09 -0.0495981
-5.187601e-09 -0.0927964
-4.687601e-09 -0.111996
-4.187601e-09 -0.0447983
-3.687601e-09 0.0655975
-3.187601e-09 0.163194
-2.687601e-09 0.126395
-2.187601e-09 -0.0175993
-1.687601e-09 -0.155194
-1.187601e-09 -0.204792
-6.876012e-10 -0.0911965
-1.876012e-10 0.126395
3.123988e-10 0.203192
8.123988e-10 0.203192
1.312399e-09 0.0159994
1.812399e-09 -0.204792
2.312399e-09 -0.204792
2.812399e-09 -0.111996
3.312399e-09 0.145594
3.812399e-09 0.203192
4.312399e-09 0.137595
4.812399e-09 -0.0463982
5.312399e-09 -0.185593
5.812399e-09 -0.135995
6.312399e-09 0.027199
6.812399e-09 0.124795
7.312399e-09 0.108796
7.812399e-09 0.0367986
8.312399e-09 -0.0607977
8.812399e-09 -0.0991962
9.312399e-09 -0.0495981
9.812399e-09 0.0303988
1.03124e-08 0.0943964
1.08124e-08 0.103996
1.13124e-08 0.0383985
1.18124e-08 -0.0911965
1.23124e-08 -0.148794
1.28124e-08 -0.0943964
1.33124e-08 0.00159994
1.38124e-08 0.129595
1.43124e-08 0.167994
1.48124e-08 0.119995
1.53124e-08 -0.0623976
1.58124e-08 -0.201592
1.63124e-08 -0.193593
1.68124e-08 -0.0335987
1.73124e-08 0.119995
1.78124e-08 0.175993
1.83124e-08 0.0847967
1.88124e-08 -0.00959963
1.93124e-08 -0.0735972
1.98124e-08 -0.0655975
2.03124e-08 -0.027199
2.08124e-08 -0.0351986
2.13124e-08 -0.0127995
2.18124e-08 0.025599
2.23124e-08 0.0831968
2.28124e-08 0.0703973
2.33124e-08 -0.00319988
2.38124e-08 -0.0943964
2.43124e-08 -0.107196
2.48124e-08 -0.0431983
2.53124e-08 0.102396
2.58124e-08 0.140795
2.63124e-08 0.0431983
2.68124e-08 -0.0895966
2.73124e-08 -0.139195
2.78124e-08 -0.0447983
2.83124e-08 0.0879966
2.88124e-08 0.132795
2.93124e-08 0.0767971
2.98124e-08 -0.0863967
3.03124e-08 -0.159994
3.08124e-08 -0.100796
3.13124e-08 0.0671974
3.18124e-08 0.163194
3.23124e-08 0.110396
3.28124e-08 -0.0415984
3.33124e-08 -0.111996
3.38124e-08 -0.0719972
3.43124e-08 -0.00959963
3.48124e-08 0.0447983
3.53124e-08 0.0143994
3.58124e-08 -0.00479982
3.63124e-08 0.0303988
3.68124e-08 0.052798
3.73124e-08 0.00319988
3.78124e-08 -0.0879966
3.83124e-08 -0.107196
3.88124e-08 0
3.93124e-08 0.100796
3.98124e-08 0.113596
4.03124e-08 0.0159994
4.08124e-08 -0.110396
4.13124e-08 -0.107196
4.18124e-08 -0.00959963
4.23124e-08 0.0991962
4.28124e-08 0.0943964
4.33124e-08 -0.00159994
4.38124e-08 -0.0895966
4.43124e-08 -0.0751971
4.48124e-08 0.00959963
4.53124e-08 0.0623976
4.58124e-08 0.0623976
4.63124e-08 -0.0127995
4.68124e-08 -0.0639975
4.73124e-08 -0.0335987
4.78124e-08 0.0159994
4.83124e-08 0.0495981
4.88124e-08 0.0367986
4.93124e-08 -0.00479982
4.98124e-08 -0.00319988
5.03124e-08 0.0319988
5.08124e-08 0.0239991
5.13124e-08 -0.0463982
5.18124e-08 -0.124795
5.23124e-08 -0.0879966
5.28124e-08 0.0431983
5.33124e-08 0.180793
5.38124e-08 0.155194
5.43124e-08 -0.025599
5.48124e-08 -0.187193
5.53124e-08 -0.198392
5.58124e-08 -0.0175993
5.63124e-08 0.139195
5.68124e-08 0.175993
5.73124e-08 0.0543979
5.78124e-08 -0.0639975
5.83124e-08 -0.119995
5.88124e-08 -0.0495981
5.93124e-08 0.00799969
5.98124e-08 0.0399985
6.03124e-08 0.0239991
6.08124e-08 0.00319988
6.13124e-08 -0.00319988
6.18124e-08 -0.00639975
6.23124e-08 -0.025599
6.28124e-08 -0.0111996
6.33124e-08 -0.00319988
6.38124e-08 0.0127995
6.43124e-08 0.00799969
6.48124e-08 -0.00639975
6.53124e-08 -0.025599
6.58124e-08 -0.00159994
6.63124e-08 0.00319988
6.68124e-08 0.0575978
6.73124e-08 0.0495981
6.78124e-08 -0.0207992
6.83124e-08 -0.0831968
6.88124e-08 -0.0975963
6.93124e-08 -0.0335987
6.98124e-08 0.0687974
7.03124e-08 0.0975963
7.08124e-08 0.051198
7.13124e-08 -0.027199
7.18124e-08 -0.0655975
7.23124e-08 -0.0159994
7.28124e-08 0.0447983
7.33124e-08 0.0239991
7.38124e-08 -0.0175993
7.43124e-08 -0.0639975
7.48124e-08 -0.00959963
7.53124e-08 0.0335987
7.58124e-08 0.0623976
7.63124e-08 0.0159994
7.68124e-08 -0.0639975
7.73124e-08 -0.052798
7.78124e-08 0
7.83124e-08 0.0607977
7.88124e-08 0.0559978
7.93124e-08 0.0111996
7.98124e-08 -0.0159994
8.03124e-08 -0.0223991
8.08124e-08 -0.0191993
8.13124e-08 -0.0143994
8.18124e-08 -0.00159994
8.23124e-08 0.00799969
8.28124e-08 0.00959963
8.33124e-08 0.00319988
8.38124e-08 0.0111996
8.43124e-08 0.00159994
8.48124e-08 0.00479982
8.53124e-08 0.0127995
8.58124e-08 -0.0303988
8.63124e-08 -0.0239991
8.68124e-08 -0.0127995
8.73124e-08 0.00799969
8.78124e-08 0.00319988
8.83124e-08 0.0335987
8.88124e-08 0.052798
8.93124e-08 0.0159994
8.98124e-08 -0.0463982
9.03124e-08 -0.0959963
9.08124e-08 -0.0559978
9.13124e-08 0.0399985
9.18124e-08 0.129595
9.23124e-08 0.113596
9.28124e-08 -0.0143994
9.33124e-08 -0.105596
9.38124e-08 -0.102396
9.43124e-08 -0.0335987
9.48124e-08 0.0463982
9.53124e-08 0.0591977
9.58124e-08 0.0351986
9.63124e-08 0.00639975
9.68124e-08 -0.00479982
9.73124e-08 0.00479982
9.78124e-08 -0.0335987
9.83124e-08 -0.0415984
9.88124e-08 -0.0207992
9.93124e-08 0.0335987
9.98124e-08 0.0543979
1.003124e-07 0.0447983
1.008124e-07 -0.00479982
1.013124e-07 -0.0495981
1.018124e-07 -0.0495981
1.023124e-07 0.0223991
1.028124e-07 0.0431983
1.033124e-07 0.0223991
1.038124e-07 -0.0495981
1.043124e-07 -0.0623976
1.048124e-07 -0.0287989
1.053124e-07 0.0495981
1.058124e-07 0.0767971
1.063124e-07 0.0559978
1.068124e-07 -0.0159994
1.073124e-07 -0.0799969
1.078124e-07 -0.0847967
1.083124e-07 -0.0447983
1.088124e-07 0.0431983
1.093124e-07 0.0607977
1.098124e-07 0.0543979
1.103124e-07 0.025599
1.108124e-07 0.00639975
1.113124e-07 -0.0351986
1.118124e-07 -0.0639975
1.123124e-07 -0.0671974
1.128124e-07 -0.00319988
1.133124e-07 0.0719972
1.138124e-07 0.115196
1.143124e-07 0.0495981
1.148124e-07 -0.0591977
1.153124e-07 -0.121595
1.158124e-07 -0.0799969
1.163124e-07 0.0543979
1.168124e-07 0.126395
1.173124e-07 0.0671974
1.178124e-07 -0.0607977
1.183124e-07 -0.121595
1.188124e-07 -0.0607977
1.193124e-07 0.0623976
1.198124e-07 0.116796
1.203124e-07 0.0719972
1.208124e-07 -0.051198
1.213124e-07 -0.124795
1.218124e-07 -0.0975963
1.223124e-07 0.0287989
1.228124e-07 0.113596
1.233124e-07 0.116796
1.238124e-07 0.0143994
1.243124e-07 -0.0719972
1.248124e-07 -0.0975963
1.253124e-07 -0.0383985
1.258124e-07 0.00959963
1.263124e-07 0.051198
1.268124e-07 0.0495981
1.273124e-07 0.0447983
1.278124e-07 0.0127995
1.283124e-07 -0.027199
1.288124e-07 -0.0703973
1.293124e-07 -0.0815969
1.298124e-07 0.00799969
1.303124e-07 0.052798
1.308124e-07 0.0911965
1.313124e-07 0.027199
1.318124e-07 -0.0671974
1.323124e-07 -0.0847967
1.328124e-07 -0.0207992
1.333124e-07 0.0591977
1.338124e-07 0.0767971
1.343124e-07 -0.00639975
1.348124e-07 -0.0735972
1.353124e-07 -0.0735972
1.358124e-07 0.0191993
1.363124e-07 0.105596
1.368124e-07 0.0735972
1.373124e-07 -0.0335987
1.378124e-07 -0.103996
1.383124e-07 -0.0815969
1.388124e-07 0.0191993
1.393124e-07 0.0895966
1.398124e-07 0.0863967
1.403124e-07 -0.00799969
1.408124e-07 -0.0639975
1.413124e-07 -0.0351986
1.418124e-07 0.00959963
1.423124e-07 0.0559978
1.428124e-07 0.0191993
1.433124e-07 -0.0495981
1.438124e-07 -0.0639975
1.443124e-07 0.00479982
1.448124e-07 0.0927964
1.453124e-07 0.0911965
1.458124e-07 0.00799969
1.463124e-07 -0.0815969
1.468124e-07 -0.0927964
1.473124e-07 -0.0319988
1.478124e-07 0.0335987
1.483124e-07 0.0543979
1.488124e-07 0.0287989
1.493124e-07 0.0111996
1.498124e-07 -0.00639975
1.503124e-07 -0.0143994
1.508124e-07 -0.0575978
1.513124e-07 -0.0735972
1.518124e-07 -0.0159994
1.523124e-07 0.0687974
1.528124e-07 0.0895966
1.533124e-07 0.0543979
1.538124e-07 -0.051198
1.543124e-07 -0.107196
1.548124e-07 -0.0559978
1.553124e-07 0.0319988
1.558124e-07 0.0863967
1.563124e-07 0.0591977
1.568124e-07 -0.0207992
1.573124e-07 -0.0671974
1.578124e-07 -0.0591977
1.583124e-07 0.0143994
1.588124e-07 0.0751971
1.593124e-07 0.0575978
1.598124e-07 -0.00479982
1.603124e-07 -0.0575978
1.608124e-07 -0.0495981
1.613124e-07 0
1.618124e-07 0.0367986
1.623124e-07 0.0495981
1.628124e-07 0.0335987
1.633124e-07 -0.0111996
1.638124e-07 -0.0239991
1.643124e-07 -0.0223991
1.648124e-07 -0.0159994
1.653124e-07 -0.00959963
1.658124e-07 0.00799969
1.663124e-07 0.0463982
1.668124e-07 0.0367986
1.673124e-07 0.025599
1.678124e-07 -0.0431983
1.683124e-07 -0.0719972
1.688124e-07 -0.0351986
1.693124e-07 0.0383985
1.698124e-07 0.0575978
1.703124e-07 0.0383985
1.708124e-07 -0.0111996
1.713124e-07 -0.0463982
1.718124e-07 -0.051198
1.723124e-07 0
1.728124e-07 0.025599
1.733124e-07 0.0367986
1.738124e-07 0.027199
1.743124e-07 -0.0159994
1.748124e-07 -0.0111996
1.753124e-07 -0.0191993
1.758124e-07 0
1.763124e-07 0.0223991
1.768124e-07 0.00319988
1.773124e-07 -0.0143994
1.778124e-07 -0.027199
1.783124e-07 -0.0383985
1.788124e-07 0.00479982
1.793124e-07 0.0415984
1.798124e-07 0.052798
1.803124e-07 0.027199
1.808124e-07 -0.0127995
1.813124e-07 -0.0431983
1.818124e-07 -0.0559978
1.823124e-07 -0.00319988
1.828124e-07 0.0303988
1.833124e-07 0.0639975
1.838124e-07 0.0351986
1.843124e-07 0.00319988
1.848124e-07 -0.0351986
1.853124e-07 -0.0479982
1.858124e-07 -0.025599
1.863124e-07 0.00159994
1.868124e-07 0.00959963
1.873124e-07 0.0367986
1.878124e-07 0.025599
1.883124e-07 0.0495981
1.888124e-07 0.0111996
1.893124e-07 -0.0415984
1.898124e-07 -0.0591977
1.903124e-07 -0.0239991
1.908124e-07 0.00959963
1.913124e-07 0.0367986
1.918124e-07 0.0319988
1.923124e-07 0
1.928124e-07 -0.00799969
1.933124e-07 -0.00959963
1.938124e-07 -0.00479982
1.943124e-07 -0.025599
1.948124e-07 -0.0191993
1.953124e-07 0.0159994
1.958124e-07 0.0303988
1.963124e-07 0.0239991
1.968124e-07 -0.0159994
1.973124e-07 -0.0367986
1.978124e-07 -0.0351986
1.983124e-07 0.0287989
1.988124e-07 0.0559978
1.993124e-07 0.0127995
1.998124e-07 -0.0351986
2.003124e-07 -0.0607977
2.008124e-07 -0.0303988
2.013124e-07 0.0495981
2.018124e-07 0.0863967
2.023124e-07 0.0463982
2.028124e-07 -0.025599
2.033124e-07 -0.0703973
2.038124e-07 -0.0415984
2.043124e-07 0.00159994
2.048124e-07 0.0415984
2.053124e-07 0.0495981
2.058124e-07 0.0143994
2.063124e-07 -0.0111996
2.068124e-07 -0.027199
2.073124e-07 -0.0319988
2.078124e-07 -0.0175993
2.083124e-07 -0.00159994
2.088124e-07 0.0223991
2.093124e-07 0.027199
2.098124e-07 0.0239991
2.103124e-07 0.00159994
2.108124e-07 -0.0303988
2.113124e-07 -0.0463982
2.118124e-07 -0.0175993
2.123124e-07 0.0223991
2.128124e-07 0.0367986
2.133124e-07 -0.00159994
2.138124e-07 -0.0159994
2.143124e-07 -0.025599
2.148124e-07 0.00479982
2.153124e-07 0.0431983
2.158124e-07 0.0383985
2.163124e-07 -0.0223991
2.168124e-07 -0.078397
2.173124e-07 -0.0319988
2.178124e-07 0.00959963
2.183124e-07 0.0575978
2.188124e-07 0.0383985
2.193124e-07 -0.00959963
2.198124e-07 -0.051198
2.203124e-07 -0.0367986
2.208124e-07 0.00319988
2.213124e-07 0.0383985
2.218124e-07 0.0207992
2.223124e-07 0.0159994
2.228124e-07 -0.0111996
2.233124e-07 -0.00479982
2.238124e-07 0.00159994
2.243124e-07 -0.00319988
2.248124e-07 -0.0239991
2.253124e-07 -0.0223991
2.258124e-07 -0.0399985
2.263124e-07 0.00479982
2.268124e-07 0.0351986
2.273124e-07 0.052798
2.278124e-07 0.0111996
2.283124e-07 -0.0287989
2.288124e-07 -0.0335987
2.293124e-07 -0.0191993
2.298124e-07 -0.00159994
2.303124e-07 0.00479982
2.308124e-07 0.00159994
2.313124e-07 0.0175993
2.318124e-07 0.0383985
2.323124e-07 0.00959963
2.328124e-07 -0.0223991
2.333124e-07 -0.0463982
2.338124e-07 -0.0383985
2.343124e-07 0.0175993
2.348124e-07 0.0623976
2.353124e-07 0.0367986
2.358124e-07 -0.00639975
2.363124e-07 -0.0639975
2.368124e-07 -0.027199
2.373124e-07 0.00479982
2.378124e-07 0.0495981
2.383124e-07 0.0319988
2.388124e-07 -0.00959963
2.393124e-07 -0.0607977
2.398124e-07 -0.0383985
2.403124e-07 0.0159994
2.408124e-07 0.0463982
2.413124e-07 0.052798
2.418124e-07 -0.00319988
2.423124e-07 -0.0495981
2.428124e-07 -0.0575978
2.433124e-07 0.00639975
2.438124e-07 0.0127995
2.443124e-07 0.0383985
2.448124e-07 0.0287989
2.453124e-07 -0.00159994
2.458124e-07 -0.00479982
2.463124e-07 0.00479982
2.468124e-07 -0.0207992
2.473124e-07 -0.025599
2.478124e-07 -0.0143994
2.483124e-07 0.0239991
2.488124e-07 0.0559978
2.493124e-07 0.0431983
2.498124e-07 -0.0127995
2.503124e-07 -0.0655975
2.508124e-07 -0.0575978
2.513124e-07 0
2.518124e-07 0.051198
2.523124e-07 0.0303988
2.528124e-07 0.00319988
2.533124e-07 -0.0415984
2.538124e-07 -0.0239991
2.543124e-07 -0.00319988
2.548124e-07 0.0415984
2.553124e-07 0.027199
2.558124e-07 -0.00479982
2.563124e-07 -0.0399985
2.568124e-07 -0.0143994
2.573124e-07 0.00479982
2.578124e-07 0.027199
2.583124e-07 0.0207992
2.588124e-07 -0.00159994
2.593124e-07 -0.0127995
2.598124e-07 -0.0303988
2.603124e-07 -0.0111996
2.608124e-07 -0.025599
2.613124e-07 0.00319988
2.618124e-07 0.0127995
2.623124e-07 0.0335987
2.628124e-07 0.027199
2.633124e-07 0
2.638124e-07 -0.052798
2.643124e-07 -0.0431983
2.648124e-07 -0.00479982
2.653124e-07 0.0447983
2.658124e-07 0.0351986
2.663124e-07 0.0111996
2.668124e-07 -0.0367986
2.673124e-07 -0.0479982
2.678124e-07 -0.00799969
2.683124e-07 0.0367986
2.688124e-07 0.0495981
2.693124e-07 0.00799969
2.698124e-07 -0.0239991
2.703124e-07 -0.0207992
2.708124e-07 0.00959963
2.713124e-07 0.0463982
2.718124e-07 0.0431983
2.723124e-07 -0.00799969
2.728124e-07 -0.0479982
2.733124e-07 -0.0639975
2.738124e-07 -0.0175993
2.743124e-07 0.025599
2.748124e-07 0.0767971
2.753124e-07 0.052798
2.758124e-07 -0.0159994
2.763124e-07 -0.0463982
2.768124e-07 -0.0703973
2.773124e-07 -0.00319988
2.778124e-07 0.0335987
2.783124e-07 0.0351986
2.788124e-07 0.0127995
2.793124e-07 -0.0127995
2.798124e-07 -0.0351986
2.803124e-07 -0.0207992
2.808124e-07 0.0175993
2.813124e-07 0.0319988
2.818124e-07 0.0191993
2.823124e-07 0.00639975
2.828124e-07 -0.0351986
2.833124e-07 -0.0575978
2.838124e-07 -0.0111996
2.843124e-07 0.0479982
2.848124e-07 0.0607977
2.853124e-07 0.025599
2.858124e-07 -0.0319988
2.863124e-07 -0.0799969
2.868124e-07 -0.0479982
2.873124e-07 0.0399985
2.878124e-07 0.0751971
2.883124e-07 0.0543979
2.888124e-07 -0.0111996
2.893124e-07 -0.0703973
2.898124e-07 -0.0479982
2.903124e-07 0
2.908124e-07 0.0367986
2.913124e-07 0.027199
2.918124e-07 0.00159994
2.923124e-07 -0.0111996
2.928124e-07 -0.00959963
2.933124e-07 -0.00799969
2.938124e-07 -0.0111996
2.943124e-07 0.00799969
2.948124e-07 0.00319988
2.953124e-07 0.0287989
2.958124e-07 0.00799969
2.963124e-07 -0.027199
2.968124e-07 -0.0479982
2.973124e-07 -0.0207992
2.978124e-07 0.0207992
2.983124e-07 0.0559978
2.988124e-07 0.027199
2.993124e-07 -0.025599
2.998124e-07 -0.0655975
3.003124e-07 -0.0239991
3.008124e-07 0.0239991
3.013124e-07 0.0655975
3.018124e-07 0.0351986
3.023124e-07 -0.027199
3.028124e-07 -0.0639975
3.033124e-07 -0.025599
3.038124e-07 0.0111996
3.043124e-07 0.0543979
3.048124e-07 0.0383985
3.053124e-07 -0.0143994
3.058124e-07 -0.027199
3.063124e-07 -0.00959963
3.068124e-07 0.00959963
3.073124e-07 0
3.078124e-07 -0.0383985
3.083124e-07 -0.0127995
3.088124e-07 0
3.093124e-07 0.027199
3.098124e-07 0.0223991
3.103124e-07 -0.00799969
3.108124e-07 -0.0319988
3.113124e-07 -0.0207992
3.118124e-07 0.0239991
3.123124e-07 0.0383985
3.128124e-07 0.00319988
3.133124e-07 -0.0399985
3.138124e-07 -0.0239991
3.143124e-07 0.0127995
3.148124e-07 0.051198
3.153124e-07 0.0367986
3.158124e-07 -0.0367986
3.163124e-07 -0.0703973
3.168124e-07 -0.0575978
3.173124e-07 0.00319988
3.178124e-07 0.0655975
3.183124e-07 0.0607977
3.188124e-07 0.00319988
3.193124e-07 -0.051198
3.198124e-07 -0.0463982
3.203124e-07 0.00159994
3.208124e-07 0.0335987
3.213124e-07 0.027199
3.218124e-07 -0.0127995
3.223124e-07 -0.0191993
3.228124e-07 -0.0207992
3.233124e-07 0.0175993
3.238124e-07 0.0111996
3.243124e-07 0.0111996
3.248124e-07 -0.0287989
3.253124e-07 -0.00799969
3.258124e-07 -0.00479982
3.263124e-07 0.0207992
3.268124e-07 0.00639975
3.273124e-07 0.0111996
3.278124e-07 -0.0175993
3.283124e-07 -0.00799969
3.288124e-07 -0.00479982
3.293124e-07 -0.00639975
3.298124e-07 -0.0191993
3.303124e-07 -0.0127995
3.308124e-07 -0.00319988
3.313124e-07 0.0223991
3.318124e-07 0.0415984
3.323124e-07 0.0111996
3.328124e-07 -0.0207992
3.333124e-07 -0.0543979
3.338124e-07 -0.00319988
3.343124e-07 0.0191993
3.348124e-07 0.0287989
3.353124e-07 -0.0239991
3.358124e-07 -0.0319988
3.363124e-07 -0.0335987
3.368124e-07 0.00479982
3.373124e-07 0.0591977
3.378124e-07 0.0335987
3.383124e-07 0
3.388124e-07 -0.0383985
3.393124e-07 -0.0351986
3.398124e-07 -0.00639975
3.403124e-07 0.0495981
3.408124e-07 0.0495981
3.413124e-07 0.00319988
3.418124e-07 -0.0431983
3.423124e-07 -0.0559978
3.428124e-07 -0.0143994
3.433124e-07 0.0111996
3.438124e-07 0.027199
3.443124e-07 0.025599
3.448124e-07 -0.00639975
3.453124e-07 -0.0143994
3.458124e-07 -0.0143994
3.463124e-07 -0.00799969
3.468124e-07 -0.00159994
3.473124e-07 0
3.478124e-07 0.00799969
3.483124e-07 -0.00479982
3.488124e-07 0.00479982
3.493124e-07 -0.0127995
3.498124e-07 0.00159994
3.503124e-07 0.00639975
3.508124e-07 0.0143994
3.513124e-07 0.0111996
3.518124e-07 -0.00159994
3.523124e-07 -0.0143994
3.528124e-07 -0.0143994
3.533124e-07 0.0127995
3.538124e-07 0.0431983
3.543124e-07 0.0431983
3.548124e-07 0.00799969
3.553124e-07 -0.0431983
3.558124e-07 -0.0559978
3.563124e-07 -0.0383985
3.568124e-07 0
3.573124e-07 0.0607977
3.578124e-07 0.0591977
3.583124e-07 0.00479982
3.588124e-07 -0.0415984
3.593124e-07 -0.0319988
3.598124e-07 -0.025599
3.603124e-07 0.0447983
3.608124e-07 0.0559978
3.613124e-07 0.0191993
3.618124e-07 -0.0175993
3.623124e-07 -0.0287989
3.628124e-07 -0.0143994
3.633124e-07 -0.00159994
3.638124e-07 0.00159994
3.643124e-07 0.00639975
3.648124e-07 -0.00799969
3.653124e-07 0
3.658124e-07 0.0127995
3.663124e-07 0.0223991
3.668124e-07 0.0175993
3.673124e-07 0.00639975
3.678124e-07 -0.00639975
3.683124e-07 0.00319988
3.688124e-07 -0.0175993
3.693124e-07 -0.00639975
3.698124e-07 -0.00639975
3.703124e-07 -0.00639975
3.708124e-07 0.027199
3.713124e-07 0.0175993
3.718124e-07 -0.00319988
3.723124e-07 -0.0127995
3.728124e-07 -0.0207992
3.733124e-07 -0.00479982
3.738124e-07 0.00479982
3.743124e-07 0.0223991
3.748124e-07 -0.0143994
3.753124e-07 -0.0191993
3.758124e-07 -0.00479982
3.763124e-07 0.0175993
3.768124e-07 0.0319988
3.773124e-07 -0.00159994
3.778124e-07 -0.00959963
3.783124e-07 -0.0351986
3.788124e-07 -0.00159994
3.793124e-07 0.025599
3.798124e-07 0.0431983
3.803124e-07 0.0207992
3.808124e-07 -0.0159994
3.813124e-07 -0.0399985
3.818124e-07 -0.0319988
3.823124e-07 0.0143994
3.828124e-07 0.025599
3.833124e-07 0.0351986
3.838124e-07 0.00959963
3.843124e-07 -0.00479982
3.848124e-07 -0.0207992
3.853124e-07 -0.0111996
3.858124e-07 -0.00479982
3.863124e-07 0.0175993
3.868124e-07 0.0111996
3.873124e-07 0.025599
3.878124e-07 -0.0127995
3.883124e-07 -0.027199
3.888124e-07 -0.0175993
3.893124e-07 0
3.898124e-07 -0.00159994
3.903124e-07 0.00639975
3.908124e-07 -0.00799969
3.913124e-07 0.00159994
3.918124e-07 -0.0191993
3.923124e-07 -0.0223991
3.928124e-07 -0.00479982
3.933124e-07 0.0223991
3.938124e-07 0.027199
3.943124e-07 0.00479982
3.948124e-07 -0.0223991
3.953124e-07 -0.0431983
3.958124e-07 -0.0175993
3.963124e-07 0.00959963
3.968124e-07 0.0559978
3.973124e-07 0.0367986
3.978124e-07 -0.00319988
3.983124e-07 -0.0399985
3.988124e-07 -0.0495981
3.993124e-07 -0.0335987
3.998124e-07 0.025599
4.003124e-07 0.0383985
4.008124e-07 0.0495981
4.013124e-07 0.00159994
4.018124e-07 -0.0383985
4.023124e-07 -0.0463982
4.028124e-07 -0.0207992
4.033124e-07 0.0303988
4.038124e-07 0.0303988
4.043124e-07 0.0175993
4.048124e-07 -0.00799969
4.053124e-07 -0.025599
4.058124e-07 -0.0175993
4.063124e-07 -0.00319988
4.068124e-07 0.00479982
4.073124e-07 0.025599
4.078124e-07 0.0143994
4.083124e-07 -0.00319988
4.088124e-07 -0.0319988
4.093124e-07 -0.025599
4.098124e-07 -0.0111996
4.103124e-07 0.0335987
4.108124e-07 0.0623976
4.113124e-07 0.0191993
4.118124e-07 -0.0175993
4.123124e-07 -0.0623976
4.128124e-07 -0.0383985
4.133124e-07 0.00319988
4.138124e-07 0.052798
4.143124e-07 0.0479982
4.148124e-07 0.00159994
4.153124e-07 -0.051198
4.158124e-07 -0.0463982
4.163124e-07 -0.0143994
4.168124e-07 0.0175993
4.173124e-07 0.0367986
4.178124e-07 -0.00799969
4.183124e-07 -0.0223991
4.188124e-07 -0.0127995
4.193124e-07 0.00799969
4.198124e-07 0.0127995
4.203124e-07 0.00959963
4.208124e-07 -0.0175993
4.213124e-07 -0.0191993
4.218124e-07 -0.0175993
4.223124e-07 0.0175993
4.228124e-07 0.0191993
4.233124e-07 0.00639975
4.238124e-07 -0.0175993
4.243124e-07 -0.0191993
4.248124e-07 -0.00159994
4.253124e-07 0.0223991
4.258124e-07 0.00959963
4.263124e-07 -0.00479982
4.268124e-07 -0.00959963
4.273124e-07 -0.00479982
4.278124e-07 0.00799969
4.283124e-07 0.0127995
4.288124e-07 -0.00159994
4.293124e-07 0.00159994
4.298124e-07 0
4.303124e-07 0.0127995
4.308124e-07 -0.0127995
4.313124e-07 -0.0223991
4.318124e-07 -0.0127995
4.323124e-07 -0.00319988
4.328124e-07 0.0303988
4.333124e-07 0.0223991
4.338124e-07 0.00959963
4.343124e-07 -0.0191993
4.348124e-07 -0.0415984
4.353124e-07 -0.0111996
4.358124e-07 0.0367986
4.363124e-07 0.0495981
4.368124e-07 0.0447983
4.373124e-07 -0.027199
4.378124e-07 -0.0447983
4.383124e-07 -0.051198
4.388124e-07 0.00639975
4.393124e-07 0.051198
4.398124e-07 0.00959963
4.403124e-07 -0.00319988
4.408124e-07 -0.0191993
4.413124e-07 -0.0127995
4.418124e-07 -0.00319988
4.423124e-07 0.00959963
4.428124e-07 0.0127995
4.433124e-07 -0.00319988
4.438124e-07 -0.00959963
4.443124e-07 0.0159994
4.448124e-07 0.00639975
4.453124e-07 -0.0175993
4.458124e-07 -0.0143994
4.463124e-07 0.00319988
4.468124e-07 0.027199
4.473124e-07 0.027199
4.478124e-07 -0.00479982
4.483124e-07 -0.0319988
4.488124e-07 -0.025599
4.493124e-07 0.0111996
4.498124e-07 0.0415984
4.503124e-07 0.0335987
4.508124e-07 0.00319988
4.513124e-07 -0.0287989
4.518124e-07 -0.0447983
4.523124e-07 -0.0159994
4.528124e-07 0.0159994
4.533124e-07 0.0447983
4.538124e-07 0.0383985
4.543124e-07 -0.0175993
4.548124e-07 -0.027199
4.553124e-07 -0.0383985
4.558124e-07 -0.00639975
4.563124e-07 -0.00639975
4.568124e-07 0.0223991
4.573124e-07 0.0191993
4.578124e-07 0.0191993
4.583124e-07 -0.00319988
4.588124e-07 -0.0175993
4.593124e-07 -0.0223991
4.598124e-07 -0.00479982
4.603124e-07 0.0239991
4.608124e-07 0.0287989
4.613124e-07 0.00479982
4.618124e-07 -0.0111996
4.623124e-07 -0.027199
4.628124e-07 -0.00959963
4.633124e-07 0.0159994
4.638124e-07 0.00799969
4.643124e-07 0.00639975
4.648124e-07 -0.0127995
4.653124e-07 -0.00799969
4.658124e-07 -0.00639975
4.663124e-07 0.00799969
4.668124e-07 0.00479982
4.673124e-07 0.0175993
4.678124e-07 -0.0111996
4.683124e-07 0.00319988
4.688124e-07 -0.0175993
4.693124e-07 -0.0159994
4.698124e-07 0.00319988
4.703124e-07 0.0111996
4.708124e-07 0.0207992
4.713124e-07 0.0287989
4.718124e-07 0
4.723124e-07 -0.00959963
4.728124e-07 -0.0143994
4.733124e-07 -0.0191993
4.738124e-07 0.0143994
4.743124e-07 0
4.748124e-07 0.0143994
4.753124e-07 -0.00639975
4.758124e-07 0.00319988
4.763124e-07 0.0111996
4.768124e-07 0.00479982
4.773124e-07 -0.00159994
4.778124e-07 -0.0111996
4.783124e-07 -0.00479982
4.788124e-07 0.00639975
4.793124e-07 0.00479982
4.798124e-07 0.00479982
4.803124e-07 0.00639975
4.808124e-07 -0.0223991
4.813124e-07 -0.0127995
4.818124e-07 -0.00959963
4.823124e-07 -0.00799969
4.828124e-07 0.0127995
4.833124e-07 0.0175993
4.838124e-07 0.00639975
4.843124e-07 0.00959963
4.848124e-07 -0.0223991
4.853124e-07 0.00799969
4.858124e-07 -0.0175993
4.863124e-07 -0.00319988
4.868124e-07 -0.00799969
4.873124e-07 -0.00639975
4.878124e-07 -0.00799969
4.883124e-07 -0.00959963
4.888124e-07 0.00479982
4.893124e-07 0.00799969
4.898124e-07 0.00319988
4.903124e-07 0.00159994
4.908124e-07 -0.00159994
4.913124e-07 -0.0143994
4.918124e-07 -0.00319988
4.923124e-07 0.00799969
4.928124e-07 0.0111996
4.933124e-07 0.0223991
4.938124e-07 0.0159994
4.943124e-07 -0.0287989
4.948124e-07 -0.0191993
4.953124e-07 -0.0143994
4.958124e-07 0.0111996
4.963124e-07 0.0303988
4.968124e-07 0.0239991
4.973124e-07 0.00799969
4.978124e-07 -0.0431983
4.983124e-07 -0.0367986
4.988124e-07 -0.00959963
4.993124e-07 0.0207992
4.998124e-07 0.0287989
5.003124e-07 0.00159994
5.008124e-07 -0.0303988
5.013124e-07 -0.027199
5.018124e-07 0.00479982
5.023124e-07 0.0559978
5.028124e-07 0.0303988
5.033124e-07 -0.00799969
5.038124e-07 -0.027199
5.043124e-07 -0.0463982
5.048124e-07 -0.0143994
5.053124e-07 0.00799969
5.058124e-07 0.0239991
5.063124e-07 0.0111996
5.068124e-07 -0.0159994
5.073124e-07 -0.0159994
5.078124e-07 0
5.083124e-07 0.00799969
5.088124e-07 0.00319988
5.093124e-07 -0.0127995
5.098124e-07 -0.00639975
5.103124e-07 0.00639975
5.108124e-07 0.00639975
5.113124e-07 -0.00639975
5.118124e-07 -0.00799969
5.123124e-07 -0.00799969
5.128124e-07 -0.0111996
5.133124e-07 0.0159994
5.138124e-07 0.00159994
5.143124e-07 -0.0143994
5.148124e-07 -0.0239991
5.153124e-07 0
5.158124e-07 0.0207992
5.163124e-07 0.0447983
5.168124e-07 0.0175993
5.173124e-07 -0.00959963
5.178124e-07 -0.0479982
5.183124e-07 -0.0143994
5.188124e-07 0.0351986
5.193124e-07 0.0463982
5.198124e-07 0.00479982
5.203124e-07 -0.027199
5.208124e-07 -0.0415984
5.213124e-07 -0.00639975
5.218124e-07 0.0399985
5.223124e-07 0.0207992
5.228124e-07 0.0127995
5.233124e-07 -0.0159994
5.238124e-07 -0.027199
5.243124e-07 0.00319988
5.248124e-07 -0.00319988
5.253124e-07 0.00799969
5.258124e-07 0.00959963
5.263124e-07 0.00159994
5.268124e-07 -0.00959963
5.273124e-07 -0.00159994
5.278124e-07 0.00639975
5.283124e-07 -0.0175993
5.288124e-07 -0.0351986
5.293124e-07 0.00639975
5.298124e-07 0.0175993
5.303124e-07 0.0127995
5.308124e-07 0.00159994
5.313124e-07 -0.00639975
5.318124e-07 -0.0159994
5.323124e-07 0.00799969
5.328124e-07 0.0303988
5.333124e-07 0.0335987
5.338124e-07 -0.0111996
5.343124e-07 -0.0415984
5.348124e-07 -0.0287989
5.353124e-07 0.00639975
5.358124e-07 0.0495981
5.363124e-07 0.0543979
5.368124e-07 -0.00319988
5.373124e-07 -0.0543979
5.378124e-07 -0.0591977
5.383124e-07 0.00479982
5.388124e-07 0.0399985
5.393124e-07 0.0383985
5.398124e-07 -0.00479982
5.403124e-07 -0.0367986
5.408124e-07 -0.0399985
5.413124e-07 -0.00319988
5.418124e-07 0.0399985
5.423124e-07 0.0415984
5.428124e-07 -0.00159994
5.433124e-07 -0.0175993
5.438124e-07 -0.0287989
5.443124e-07 0.00319988
5.448124e-07 0.0111996
5.453124e-07 0.0239991
5.458124e-07 0.00959963
5.463124e-07 0.00319988
5.468124e-07 -0.0159994
5.473124e-07 -0.0223991
5.478124e-07 -0.0223991
5.483124e-07 -0.00479982
5.488124e-07 0.027199
5.493124e-07 0.0319988
5.498124e-07 0.027199
5.503124e-07 -0.0159994
5.508124e-07 -0.0447983
5.513124e-07 -0.0415984
5.518124e-07 0.0159994
5.523124e-07 0.027199
5.528124e-07 0.0479982
5.533124e-07 -0.00799969
5.538124e-07 -0.0159994
5.543124e-07 -0.0399985
5.548124e-07 -0.00639975
5.553124e-07 0.027199
5.558124e-07 0.0303988
5.563124e-07 -0.00639975
5.568124e-07 -0.0239991
5.573124e-07 -0.0319988
5.578124e-07 -0.0287989
5.583124e-07 0.0223991
5.588124e-07 0.0351986
5.593124e-07 0.0319988
5.598124e-07 -0.00959963
5.603124e-07 -0.0207992
5.608124e-07 -0.0351986
5.613124e-07 0.00159994
5.618124e-07 0.0191993
5.623124e-07 0.0447983
5.628124e-07 0.00799969
5.633124e-07 -0.00959963
5.638124e-07 -0.0159994
5.643124e-07 -0.0111996
5.648124e-07 -0.0143994
5.653124e-07 0.0191993
5.658124e-07 0.0175993
5.663124e-07 0.0191993
5.668124e-07 -0.00799969
5.673124e-07 0.0143994
5.678124e-07 -0.00799969
5.683124e-07 -0.0143994
5.688124e-07 0.00479982
5.693124e-07 0.00159994
5.698124e-07 0.0143994
5.703124e-07 0.00799969
5.708124e-07 -0.00639975
5.713124e-07 -0.0223991
5.718124e-07 -0.00159994
5.723124e-07 0.00799969
5.728124e-07 0.0191993
5.733124e-07 -0.00159994
5.738124e-07 0.00159994
5.743124e-07 -0.0159994
5.748124e-07 -0.0111996
5.753124e-07 0.0143994
5.758124e-07 -0.00319988
5.763124e-07 0.0111996
5.768124e-07 -0.0111996
5.773124e-07 -0.0239991
5.778124e-07 -0.00639975
5.783124e-07 0.0159994
5.788124e-07 0.0127995
5.793124e-07 0.0175993
5.798124e-07 0.0111996
5.803124e-07 -0.0159994
5.808124e-07 -0.025599
5.813124e-07 -0.00799969
5.818124e-07 0.00479982
5.823124e-07 0.0191993
5.828124e-07 -0.00319988
5.833124e-07 0.00799969
5.838124e-07 -0.0159994
5.843124e-07 0.0127995
5.848124e-07 0.00159994
5.853124e-07 -0.00799969
5.858124e-07 -0.0159994
5.863124e-07 -0.00319988
5.868124e-07 -0.00319988
5.873124e-07 0
5.878124e-07 -0.00479982
5.883124e-07 0.00799969
5.888124e-07 0.00639975
5.893124e-07 0.0287989
5.898124e-07 0.00479982
5.903124e-07 -0.025599
5.908124e-07 -0.0239991
5.913124e-07 0.00159994
5.918124e-07 0.0207992
5.923124e-07 0.0319988
5.928124e-07 -0.00319988
5.933124e-07 -0.0143994
5.938124e-07 -0.0223991
5.943124e-07 -0.00959963
5.948124e-07 0.00799969
5.953124e-07 0.027199
5.958124e-07 0.0319988
5.963124e-07 -0.00639975
5.968124e-07 -0.0159994
5.973124e-07 -0.0223991
5.978124e-07 -0.00959963
5.983124e-07 0.0127995
5.988124e-07 0.025599
5.993124e-07 0.0287989
5.998124e-07 -0.00639975
6.003124e-07 -0.0223991
6.008124e-07 -0.00799969
6.013124e-07 0
6.018124e-07 0.00479982
6.023124e-07 0.00799969
6.028124e-07 -0.00159994
6.033124e-07 -0.0191993
6.038124e-07 -0.0127995
6.043124e-07 -0.0159994
6.048124e-07 0.00319988
6.053124e-07 0.0143994
6.058124e-07 0.0207992
6.063124e-07 0.0127995
6.068124e-07 0.00159994
6.073124e-07 -0.00799969
6.078124e-07 -0.0159994
6.083124e-07 0
6.088124e-07 0.00639975
6.093124e-07 0.0239991
6.098124e-07 0
6.103124e-07 -0.0191993
6.108124e-07 -0.0191993
6.113124e-07 -0.0191993
6.118124e-07 0.00319988
6.123124e-07 0.0175993
6.128124e-07 0.0111996
6.133124e-07 -0.00799969
6.138124e-07 -0.0159994
6.143124e-07 -0.00159994
6.148124e-07 0.0143994
6.153124e-07 0.0111996
6.158124e-07 0.00319988
6.163124e-07 -0.0111996
6.168124e-07 -0.00159994
6.173124e-07 -0.00799969
6.178124e-07 0.00479982
6.183124e-07 -0.00479982
6.188124e-07 0.00319988
6.193124e-07 0.00159994
6.198124e-07 0.00319988
6.203124e-07 0
6.208124e-07 -0.00319988
6.213124e-07 -0.0127995
6.218124e-07 0
6.223124e-07 0
6.228124e-07 0.0223991
6.233124e-07 0.0191993
6.238124e-07 -0.00479982
6.243124e-07 -0.0175993
6.248124e-07 -0.0303988
6.253124e-07 -0.00319988
6.258124e-07 0.00479982
6.263124e-07 0.0127995
6.268124e-07 0.00799969
6.273124e-07 -0.0191993
6.278124e-07 0.0159994
6.283124e-07 0.00479982
6.288124e-07 0.0175993
6.293124e-07 0.00799969
6.298124e-07 -0.00479982
6.303124e-07 -0.0207992
6.308124e-07 -0.00479982
6.313124e-07 0.00479982
6.318124e-07 0.0127995
6.323124e-07 -0.00799969
6.328124e-07 0.00479982
6.333124e-07 -0.00639975
6.338124e-07 0.00319988
6.343124e-07 -0.00479982
6.348124e-07 0.0143994
6.353124e-07 -0.0111996
6.358124e-07 -0.0111996
6.363124e-07 -0.0111996
6.368124e-07 -0.0159994
6.373124e-07 0
6.378124e-07 0.0127995
6.383124e-07 0.025599
6.388124e-07 0.00159994
6.393124e-07 -0.00159994
6.398124e-07 -0.00479982
6.403124e-07 -0.0111996
6.408124e-07 0.00319988
6.413124e-07 0.0127995
6.418124e-07 -0.0111996
6.423124e-07 -0.00319988
6.428124e-07 0.00159994
6.433124e-07 0.00159994
6.438124e-07 -0.0111996
6.443124e-07 -0.00479982
6.448124e-07 -0.00159994
6.453124e-07 0.00959963
6.458124e-07 0.00959963
6.463124e-07 -0.00319988
6.468124e-07 -0.0127995
6.473124e-07 -0.00799969
6.478124e-07 0.00159994
6.483124e-07 0.00479982
6.488124e-07 0.00319988
6.493124e-07 0.00159994
6.498124e-07 -0.025599
6.503124e-07 -0.0159994
6.508124e-07 -0.0127995
6.513124e-07 0.00479982
6.518124e-07 0.027199
6.523124e-07 0.00639975
6.528124e-07 0.00479982
6.533124e-07 0
6.538124e-07 -0.00319988
6.543124e-07 -0.00479982
6.548124e-07 0.00159994
6.553124e-07 -0.00799969
6.558124e-07 -0.0127995
6.563124e-07 0.00639975
6.568124e-07 -0.00479982
6.573124e-07 0.00479982
6.578124e-07 -0.0127995
6.583124e-07 -0.00479982
6.588124e-07 0.00159994
6.593124e-07 0.0191993
6.598124e-07 -0.00799969
6.603124e-07 -0.00159994
6.608124e-07 -0.00959963
6.613124e-07 0.00639975
6.618124e-07 0
6.623124e-07 -0.00159994
6.628124e-07 0.00319988
6.633124e-07 -0.00479982
6.638124e-07 -0.00639975
6.643124e-07 -0.00319988
6.648124e-07 -0.00319988
6.653124e-07 0.00319988
6.658124e-07 -0.00479982
6.663124e-07 -0.00799969
6.668124e-07 -0.0111996
6.673124e-07 0.00799969
6.678124e-07 0.0111996
6.683124e-07 0.00639975
6.688124e-07 0.00319988
6.693124e-07 0.0127995
6.698124e-07 0.00479982
6.703124e-07 0.00639975
6.708124e-07 0.0127995
6.713124e-07 0.00479982
6.718124e-07 0.00319988
6.723124e-07 -0.0111996
6.728124e-07 -0.00799969
6.733124e-07 -0.0127995
6.738124e-07 -0.0175993
6.743124e-07 0.0159994
6.748124e-07 -0.00479982
6.753124e-07 0.0111996
6.758124e-07 -0.00959963
6.763124e-07 -0.00159994
6.768124e-07 -0.0111996
6.773124e-07 -0.00159994
6.778124e-07 0.00479982
6.783124e-07 0.00479982
6.788124e-07 -0.0143994
6.793124e-07 -0.00959963
6.798124e-07 -0.00479982
6.803124e-07 0
6.808124e-07 0.0191993
6.813124e-07 0.0127995
6.818124e-07 0.00799969
6.823124e-07 -0.0207992
6.828124e-07 -0.0191993
6.833124e-07 -0.0223991
6.838124e-07 0.00159994
6.843124e-07 0.025599
6.848124e-07 0.0335987
6.853124e-07 0.00319988
6.858124e-07 -0.0319988
6.863124e-07 -0.0175993
6.868124e-07 0.00159994
6.873124e-07 0.00479982
6.878124e-07 0.00479982
6.883124e-07 0.0207992
6.888124e-07 -0.0111996
6.893124e-07 -0.025599
6.898124e-07 -0.0335987
6.903124e-07 -0.0159994
6.908124e-07 0.00799969
6.913124e-07 0.0175993
6.918124e-07 0.0383985
6.923124e-07 -0.00639975
6.928124e-07 -0.0159994
6.933124e-07 -0.0159994
6.938124e-07 -0.00319988
6.943124e-07 0.0223991
6.948124e-07 0.027199
6.953124e-07 -0.00479982
6.958124e-07 -0.025599
6.963124e-07 -0.027199
6.968124e-07 -0.0143994
6.973124e-07 0.00639975
6.978124e-07 0.0415984
6.983124e-07 0.0287989
6.988124e-07 0.00159994
6.993124e-07 -0.0399985
6.998124e-07 -0.0287989
7.003124e-07 0.00639975
7.008124e-07 0.00959963
7.013124e-07 0.0127995
7.018124e-07 0.00159994
7.023124e-07 -0.00159994
7.028124e-07 -0.00959963
7.033124e-07 -0.0127995
7.038124e-07 -0.0175993
7.043124e-07 -0.0111996
7.048124e-07 0.00479982
7.053124e-07 0.025599
7.058124e-07 0.0127995
7.063124e-07 0.00639975
7.068124e-07 -0.025599
7.073124e-07 -0.0111996
7.078124e-07 0
7.083124e-07 0.0207992
7.088124e-07 0.0191993
7.093124e-07 -0.0111996
7.098124e-07 -0.0191993
7.103124e-07 -0.0175993
7.108124e-07 0.00319988
7.113124e-07 0.0287989
7.118124e-07 0.0175993
7.123124e-07 0.00639975
7.128124e-07 -0.0223991
7.133124e-07 -0.027199
7.138124e-07 0.00319988
7.143124e-07 0.0175993
7.148124e-07 0.027199
7.153124e-07 0.0159994
7.158124e-07 -0.0111996
7.163124e-07 -0.0111996
7.168124e-07 -0.00319988
7.173124e-07 0.00159994
7.178124e-07 0.0111996
7.183124e-07 0.00479982
7.188124e-07 -0.00319988
7.193124e-07 0.0111996
7.198124e-07 0.00799969
7.203124e-07 0.00479982
7.208124e-07 0.00479982
7.213124e-07 -0.00799969
7.218124e-07 -0.0143994
7.223124e-07 -0.0111996
7.228124e-07 -0.00799969
7.233124e-07 0.0175993
7.238124e-07 0.00319988
7.243124e-07 0.00799969
7.248124e-07 -0.00319988
7.253124e-07 0.00319988
7.258124e-07 0.00319988
7.263124e-07 -0.00639975
7.268124e-07 0.0143994
7.273124e-07 0.00959963
7.278124e-07 0.00959963
7.283124e-07 0.00639975
7.288124e-07 -0.0143994
7.293124e-07 -0.0175993
7.298124e-07 -0.0143994
7.303124e-07 -0.00159994
7.308124e-07 0.00959963
7.313124e-07 0.00799969
7.318124e-07 -0.00799969
7.323124e-07 0.00479982
7.328124e-07 -0.00319988
7.333124e-07 0.00319988
7.338124e-07 0.0127995
7.343124e-07 0.0143994
7.348124e-07 -0.00959963
7.353124e-07 -0.00799969
7.358124e-07 -0.0287989
7.363124e-07 -0.0127995
7.368124e-07 0.00319988
7.373124e-07 0.0319988
7.378124e-07 0.00799969
7.383124e-07 0.0111996
7.388124e-07 -0.0223991
7.393124e-07 -0.00959963
7.398124e-07 -0.00479982
7.403124e-07 0.0319988
7.408124e-07 0.0111996
7.413124e-07 -0.00479982
7.418124e-07 -0.0111996
7.423124e-07 -0.00959963
7.428124e-07 -0.00479982
7.433124e-07 0.00319988
7.438124e-07 0.00639975
7.443124e-07 -0.00159994
7.448124e-07 0.0159994
7.453124e-07 0.0143994
7.458124e-07 0
7.463124e-07 -0.0191993
7.468124e-07 -0.0127995
7.473124e-07 -0.00639975
7.478124e-07 0.0351986
7.483124e-07 0.0127995
7.488124e-07 0.0111996
7.493124e-07 -0.0223991
7.498124e-07 -0.027199
7.503124e-07 -0.0159994
7.508124e-07 0.0319988
7.513124e-07 0.0239991
7.518124e-07 0.00959963
7.523124e-07 -0.00639975
7.528124e-07 -0.027199
7.533124e-07 -0.0159994
7.538124e-07 0.00639975
7.543124e-07 0.00639975
7.548124e-07 0.00799969
7.553124e-07 0.0111996
7.558124e-07 -0.00799969
7.563124e-07 -0.00159994
7.568124e-07 -0.0127995
7.573124e-07 0
7.578124e-07 0.0159994
7.583124e-07 0.027199
7.588124e-07 -0.00639975
7.593124e-07 -0.00639975
7.598124e-07 -0.0111996
7.603124e-07 0.00159994
7.608124e-07 -0.0207992
7.613124e-07 0.00959963
7.618124e-07 -0.00479982
7.623124e-07 0.0175993
7.628124e-07 -0.00319988
7.633124e-07 -0.0223991
7.638124e-07 -0.0239991
7.643124e-07 -0.00479982
7.648124e-07 0.0127995
7.653124e-07 0.025599
7.658124e-07 -0.00799969
7.663124e-07 0.00319988
7.668124e-07 -0.0143994
7.673124e-07 0.00959963
7.678124e-07 -0.00319988
7.683124e-07 -0.00639975
7.688124e-07 0
7.693124e-07 -0.00159994
7.698124e-07 0.0143994
7.703124e-07 0.00319988
7.708124e-07 0.0127995
7.713124e-07 -0.0223991
7.718124e-07 0
7.723124e-07 -0.00959963
7.728124e-07 0.0143994
7.733124e-07 0.00959963
7.738124e-07 -0.00319988
7.743124e-07 -0.00319988
7.748124e-07 -0.00799969
7.753124e-07 -0.00479982
7.758124e-07 0.00479982
7.763124e-07 0.0127995
7.768124e-07 0.00319988
7.773124e-07 -0.00639975
7.778124e-07 -0.0111996
7.783124e-07 -0.0159994
7.788124e-07 0
7.793124e-07 -0.00159994
7.798124e-07 0.00799969
7.803124e-07 0.0111996
7.808124e-07 -0.00799969
7.813124e-07 0.00799969
7.818124e-07 -0.0143994
7.823124e-07 0.00159994
7.828124e-07 0.00639975
7.833124e-07 -0.00159994
7.838124e-07 0.00319988
7.843124e-07 -0.00799969
7.848124e-07 0.00799969
7.853124e-07 0.0143994
7.858124e-07 -0.00479982
7.863124e-07 0.00639975
7.868124e-07 0.00319988
7.873124e-07 0.0111996
7.878124e-07 0.00159994
7.883124e-07 -0.00159994
7.888124e-07 -0.00159994
7.893124e-07 -0.00159994
7.898124e-07 -0.00319988
7.903124e-07 0.00479982
7.908124e-07 -0.00319988
7.913124e-07 0.00319988
7.918124e-07 0.0127995
7.923124e-07 -0.00319988
7.928124e-07 0.00319988
7.933124e-07 -0.00959963
7.938124e-07 0.00799969
7.943124e-07 0.00959963
7.948124e-07 0
7.953124e-07 -0.0175993
7.958124e-07 0
7.963124e-07 -0.00479982
7.968124e-07 0.00639975
7.973124e-07 0.0143994
7.978124e-07 -0.00319988
7.983124e-07 -0.0111996
7.988124e-07 -0.025599
7.993124e-07 -0.0127995
7.998124e-07 -0.0111996
8.003124e-07 0.0127995
8.008124e-07 0.00479982
8.013124e-07 0.025599
8.018124e-07 -0.0175993
8.023124e-07 -0.00959963
8.028124e-07 -0.00799969
8.033124e-07 0.00799969
8.038124e-07 0.00479982
8.043124e-07 0.0111996
8.048124e-07 0.0159994
8.053124e-07 -0.00799969
8.058124e-07 -0.00319988
8.063124e-07 0.00639975
8.068124e-07 -0.00959963
8.073124e-07 -0.0111996
8.078124e-07 -0.00319988
8.083124e-07 0.00319988
8.088124e-07 -0.00959963
8.093124e-07 -0.0127995
8.098124e-07 -0.00959963
8.103124e-07 0.0127995
8.108124e-07 0.0127995
8.113124e-07 0.0143994
8.118124e-07 -0.00159994
8.123124e-07 -0.0207992
8.128124e-07 -0.0175993
8.133124e-07 -0.00159994
8.138124e-07 0.00639975
8.143124e-07 0.00799969
8.148124e-07 -0.00479982
8.153124e-07 0.00959963
8.158124e-07 -0.00319988
8.163124e-07 -0.00319988
8.168124e-07 -0.0127995
8.173124e-07 -0.00479982
8.178124e-07 -0.00319988
8.183124e-07 0.00479982
8.188124e-07 0
8.193124e-07 0.00159994
8.198124e-07 0.00319988
8.203124e-07 -0.00319988
8.208124e-07 0.00159994
8.213124e-07 -0.00799969
8.218124e-07 -0.00159994
8.223124e-07 0.00159994
8.228124e-07 -0.00959963
8.233124e-07 0.00959963
8.238124e-07 0.00479982
8.243124e-07 0.0175993
8.248124e-07 -0.00479982
8.253124e-07 -0.00159994
8.258124e-07 -0.00639975
8.263124e-07 0.0143994
8.268124e-07 0.00639975
8.273124e-07 0.00799969
8.278124e-07 -0.00319988
8.283124e-07 -0.0159994
8.288124e-07 -0.00319988
8.293124e-07 0.00799969
8.298124e-07 0.0207992

