-1.899613e-07 -0.00319987
-1.895613e-07 -0.0159994
-1.891613e-07 -0.0159994
-1.887613e-07 0.00319987
-1.883613e-07 0.00319987
-1.879613e-07 0
-1.875613e-07 -0.0127995
-1.871613e-07 -0.0223991
-1.867613e-07 0.0159994
-1.863613e-07 -0.0191992
-1.859613e-07 -0.0191992
-1.855613e-07 0
-1.851613e-07 0.0223991
-1.847613e-07 0.00959962
-1.843613e-07 -0.0287988
-1.839613e-07 0
-1.835613e-07 0.0191992
-1.831613e-07 -0.025599
-1.827613e-07 -0.0351986
-1.823613e-07 0
-1.819613e-07 0.00319987
-1.815613e-07 -0.0383985
-1.811613e-07 -0.0447982
-1.807613e-07 0.025599
-1.803613e-07 -0.00639974
-1.799613e-07 -0.0319987
-1.795613e-07 0.0127995
-1.791613e-07 0.00319987
-1.787613e-07 -0.00639974
-1.783613e-07 -0.00319987
-1.779613e-07 0.00319987
-1.775613e-07 0.00959962
-1.771613e-07 -0.0223991
-1.767613e-07 -0.0191992
-1.763613e-07 0.00319987
-1.759613e-07 0.00639974
-1.755613e-07 -0.0159994
-1.751613e-07 -0.00319987
-1.747613e-07 -0.00319987
-1.743613e-07 0
-1.739613e-07 -0.025599
-1.735613e-07 0.00959962
-1.731613e-07 0.0159994
-1.727613e-07 -0.0383985
-1.723613e-07 -0.0351986
-1.719613e-07 0.00319987
-1.715613e-07 0.00959962
-1.711613e-07 -0.00319987
-1.707613e-07 -0.0159994
-1.703613e-07 0.00319987
-1.699613e-07 0
-1.695613e-07 -0.0223991
-1.691613e-07 0.0159994
-1.687613e-07 0
-1.683613e-07 -0.0319987
-1.679613e-07 -0.00959962
-1.675613e-07 0.00639974
-1.671613e-07 0.00959962
-1.667613e-07 -0.0383985
-1.663613e-07 -0.0191992
-1.659613e-07 0.0351986
-1.655613e-07 -0.0127995
-1.651613e-07 -0.00319987
-1.647613e-07 0
-1.643613e-07 -0.0191992
-1.639613e-07 -0.0159994
-1.635613e-07 -0.0223991
-1.631613e-07 0.00319987
-1.627613e-07 0.025599
-1.623613e-07 -0.00959962
-1.619613e-07 -0.0159994
-1.615613e-07 0.0159994
-1.611613e-07 -0.0127995
-1.607613e-07 -0.0127995
-1.603613e-07 -0.0127995
-1.599613e-07 -0.00319987
-1.595613e-07 -0.00319987
-1.591613e-07 -0.0223991
-1.587613e-07 0.00319987
-1.583613e-07 0.00639974
-1.579613e-07 -0.0383985
-1.575613e-07 -0.0287988
-1.571613e-07 0.00639974
-1.567613e-07 0
-1.563613e-07 0.00959962
-1.559613e-07 -0.0127995
-1.555613e-07 -0.00319987
-1.551613e-07 -0.00639974
-1.547613e-07 -0.00639974
-1.543613e-07 0.0223991
-1.539613e-07 0.0159994
-1.535613e-07 -0.00959962
-1.531613e-07 -0.0159994
-1.527613e-07 -0.00319987
-1.523613e-07 -0.0223991
-1.519613e-07 0.00959962
-1.515613e-07 -0.0127995
-1.511613e-07 -0.00319987
-1.507613e-07 -0.0287988
-1.503613e-07 -0.00319987
-1.499613e-07 0.00959962
-1.495613e-07 -0.00639974
-1.491613e-07 0.00639974
-1.487613e-07 -0.00639974
-1.483613e-07 -0.00639974
-1.479613e-07 -0.00959962
-1.475613e-07 -0.0191992
-1.471613e-07 -0.0223991
-1.467613e-07 0.00959962
-1.463613e-07 0.0287988
-1.459613e-07 0.0191992
-1.455613e-07 -0.0127995
-1.451613e-07 -0.025599
-1.447613e-07 0
-1.443613e-07 -0.0159994
-1.439613e-07 0.00959962
-1.435613e-07 0.0223991
-1.431613e-07 -0.0319987
-1.427613e-07 -0.0127995
-1.423613e-07 -0.00639974
-1.419613e-07 -0.00319987
-1.415613e-07 0.00639974
-1.411613e-07 -0.00639974
-1.407613e-07 0.00319987
-1.403613e-07 -0.00319987
-1.399613e-07 -0.00639974
-1.395613e-07 0.00639974
-1.391613e-07 -0.00639974
-1.387613e-07 -0.00959962
-1.383613e-07 0.00319987
-1.379613e-07 -0.0223991
-1.375613e-07 0.0159994
-1.371613e-07 0.00959962
-1.367613e-07 -0.0191992
-1.363613e-07 -0.0319987
-1.359613e-07 0
-1.355613e-07 0.00959962
-1.351613e-07 0.0319987
-1.347613e-07 -0.00639974
-1.343613e-07 0.00319987
-1.339613e-07 -0.025599
-1.335613e-07 -0.0127995
-1.331613e-07 -0.0159994
-1.327613e-07 -0.00319987
-1.323613e-07 0.00319987
-1.319613e-07 -0.0223991
-1.315613e-07 0.00959962
-1.311613e-07 0.025599
-1.307613e-07 -0.00639974
-1.303613e-07 -0.0127995
-1.299613e-07 -0.0127995
-1.295613e-07 -0.00319987
-1.291613e-07 0.0127995
-1.287613e-07 0
-1.283613e-07 -0.0127995
-1.279613e-07 0
-1.275613e-07 0
-1.271613e-07 -0.0287988
-1.267613e-07 0.00959962
-1.263613e-07 0.00959962
-1.259613e-07 -0.0159994
-1.255613e-07 -0.025599
-1.251613e-07 -0.00959962
-1.247613e-07 0.0127995
-1.243613e-07 -0.025599
-1.239613e-07 -0.0159994
-1.235613e-07 -0.00639974
-1.231613e-07 -0.00959962
-1.227613e-07 -0.0287988
-1.223613e-07 0.00959962
-1.219613e-07 0.00639974
-1.215613e-07 -0.00319987
-1.211613e-07 -0.0159994
-1.207613e-07 0.0127995
-1.203613e-07 -0.00639974
-1.199613e-07 -0.0287988
-1.195613e-07 -0.0223991
-1.191613e-07 0
-1.187613e-07 0.0223991
-1.183613e-07 -0.00319987
-1.179613e-07 -0.00639974
-1.175613e-07 -0.00959962
-1.171613e-07 -0.0351986
-1.167613e-07 -0.0191992
-1.163613e-07 0.00639974
-1.159613e-07 0.025599
-1.155613e-07 -0.0127995
-1.151613e-07 -0.0287988
-1.147613e-07 -0.00319987
-1.143613e-07 0.0159994
-1.139613e-07 -0.00639974
-1.135613e-07 0
-1.131613e-07 0.0383985
-1.127613e-07 -0.00959962
-1.123613e-07 -0.025599
-1.119613e-07 0
-1.115613e-07 0
-1.111613e-07 -0.00639974
-1.107613e-07 -0.0159994
-1.103613e-07 0.00639974
-1.099613e-07 0.0127995
-1.095613e-07 -0.0223991
-1.091613e-07 -0.025599
-1.087613e-07 -0.00959962
-1.083613e-07 -0.0127995
-1.079613e-07 0
-1.075613e-07 0.0351986
-1.071613e-07 -0.00639974
-1.067613e-07 -0.00639974
-1.063613e-07 -0.0287988
-1.059613e-07 -0.00319987
-1.055613e-07 0.0159994
-1.051613e-07 0.0159994
-1.047613e-07 -0.00639974
-1.043613e-07 -0.0159994
-1.039613e-07 0.00959962
-1.035613e-07 0
-1.031613e-07 -0.00959962
-1.027613e-07 0.025599
-1.023613e-07 -0.0191992
-1.019613e-07 -0.0351986
-1.015613e-07 -0.0127995
-1.011613e-07 0.00319987
-1.007613e-07 -0.00319987
-1.003613e-07 -0.00319987
-9.996135e-08 0
-9.956135e-08 0.00959962
-9.916135e-08 -0.00319987
-9.876135e-08 -0.00639974
-9.836135e-08 0.0127995
-9.796135e-08 -0.0159994
-9.756135e-08 -0.0191992
-9.716135e-08 0.0159994
-9.676135e-08 0.00959962
-9.636135e-08 -0.0159994
-9.596135e-08 -0.0415983
-9.556135e-08 -0.0127995
-9.516135e-08 0.0127995
-9.476135e-08 -0.0127995
-9.436135e-08 -0.0223991
-9.396135e-08 -0.0127995
-9.356135e-08 -0.00959962
-9.316135e-08 -0.00319987
-9.276135e-08 0
-9.236135e-08 0.0159994
-9.196135e-08 0.00639974
-9.156135e-08 -0.0383985
-9.116135e-08 -0.0159994
-9.076135e-08 0.0159994
-9.036135e-08 0
-8.996135e-08 -0.00319987
-8.956135e-08 -0.00959962
-8.916135e-08 0.0191992
-8.876135e-08 -0.00639974
-8.836135e-08 -0.025599
-8.796135e-08 -0.00639974
-8.756135e-08 -0.00319987
-8.716135e-08 -0.0127995
-8.676135e-08 -0.00639974
-8.636135e-08 -0.00319987
-8.596135e-08 0.00639974
-8.556135e-08 -0.0319987
-8.516135e-08 -0.0159994
-8.476135e-08 0.0127995
-8.436135e-08 0.00319987
-8.396135e-08 -0.0159994
-8.356135e-08 0.0159994
-8.316135e-08 -0.025599
-8.276135e-08 0
-8.236135e-08 -0.00639974
-8.196135e-08 0.00959962
-8.156135e-08 0
-8.116135e-08 -0.0287988
-8.076135e-08 0.00639974
-8.036135e-08 -0.00639974
-7.996135e-08 0.00319987
-7.956135e-08 -0.0191992
-7.916135e-08 -0.00959962
-7.876135e-08 0.00319987
-7.836135e-08 0.00639974
-7.796135e-08 0.00319987
-7.756135e-08 -0.00319987
-7.716135e-08 -0.0191992
-7.676135e-08 -0.0447982
-7.636135e-08 -0.00639974
-7.596135e-08 0.00959962
-7.556135e-08 0.0127995
-7.516135e-08 -0.0127995
-7.476135e-08 -0.0191992
-7.436135e-08 0
-7.396135e-08 0.00959962
-7.356135e-08 -0.00319987
-7.316135e-08 -0.00639974
-7.276135e-08 -0.0127995
-7.236135e-08 -0.0447982
-7.196135e-08 -0.0127995
-7.156135e-08 -0.00319987
-7.116135e-08 0.0159994
-7.076135e-08 -0.00959962
-7.036135e-08 -0.00639974
-6.996135e-08 -0.00639974
-6.956135e-08 0.00639974
-6.916135e-08 -0.00319987
-6.876135e-08 -0.00959962
-6.836135e-08 0.00319987
-6.796135e-08 0.00319987
-6.756135e-08 -0.0159994
-6.716135e-08 0.00639974
-6.676135e-08 0.0351986
-6.636135e-08 -0.0287988
-6.596135e-08 -0.0319987
-6.556135e-08 -0.00319987
-6.516135e-08 0.00639974
-6.476135e-08 0.00319987
-6.436135e-08 -0.0447982
-6.396135e-08 -0.0127995
-6.356135e-08 0.00639974
-6.316135e-08 -0.0127995
-6.276135e-08 0.00319987
-6.236135e-08 0.0191992
-6.196135e-08 -0.0127995
-6.156135e-08 -0.00319987
-6.116135e-08 -0.00319987
-6.076135e-08 0.00959962
-6.036135e-08 0.00639974
-5.996135e-08 -0.0319987
-5.956135e-08 0.00319987
-5.916135e-08 0.00319987
-5.876135e-08 -0.0191992
-5.836135e-08 -0.0127995
-5.796135e-08 -0.0383985
-5.756135e-08 -0.00959962
-5.716135e-08 -0.00319987
-5.676135e-08 -0.0287988
-5.636135e-08 0.0191992
-5.596135e-08 -0.00319987
-5.556135e-08 -0.0159994
-5.516135e-08 -0.00959962
-5.476135e-08 0.0383985
-5.436135e-08 0.0223991
-5.396135e-08 -0.0223991
-5.356135e-08 -0.0351986
-5.316135e-08 -0.00959962
-5.276135e-08 -0.0159994
-5.236135e-08 0.00639974
-5.196135e-08 0.0351986
-5.156135e-08 0.00639974
-5.116135e-08 -0.0287988
-5.076135e-08 -0.0127995
-5.036135e-08 0
-4.996135e-08 0.00639974
-4.956135e-08 -0.0223991
-4.916135e-08 -0.0159994
-4.876135e-08 0.0159994
-4.836135e-08 -0.00959962
-4.796135e-08 -0.0191992
-4.756135e-08 -0.0351986
-4.716135e-08 -0.00639974
-4.676135e-08 0.00639974
-4.636135e-08 -0.00959962
-4.596135e-08 0.00959962
-4.556135e-08 0.0127995
-4.516135e-08 -0.0319987
-4.476135e-08 -0.0415983
-4.436135e-08 -0.00319987
-4.396135e-08 0.0223991
-4.356135e-08 0.0287988
-4.316135e-08 -0.025599
-4.276135e-08 -0.00639974
-4.236135e-08 -0.0127995
-4.196135e-08 -0.0383985
-4.156135e-08 0
-4.116135e-08 0.00639974
-4.076135e-08 -0.00639974
-4.036135e-08 -0.0319987
-3.996135e-08 -0.00959962
-3.956135e-08 0
-3.916135e-08 -0.0127995
-3.876135e-08 -0.0383985
-3.836135e-08 0.025599
-3.796135e-08 0.0223991
-3.756135e-08 -0.00319987
-3.716135e-08 -0.0223991
-3.676135e-08 -0.0159994
-3.636135e-08 -0.0159994
-3.596135e-08 -0.0159994
-3.556135e-08 0.00639974
-3.516135e-08 0.0127995
-3.476135e-08 -0.00959962
-3.436135e-08 -0.0191992
-3.396135e-08 -0.00959962
-3.356135e-08 0.00639974
-3.316135e-08 0.00639974
-3.276135e-08 -0.0191992
-3.236135e-08 -0.00639974
-3.196135e-08 0.0127995
-3.156135e-08 -0.00959962
-3.116135e-08 -0.0127995
-3.076135e-08 0.0223991
-3.036135e-08 -0.00959962
-2.996135e-08 -0.0223991
-2.956135e-08 -0.025599
-2.916135e-08 0.0127995
-2.876135e-08 0
-2.836135e-08 -0.0287988
-2.796135e-08 0
-2.756135e-08 0.00959962
-2.716135e-08 0
-2.676135e-08 -0.0127995
-2.636135e-08 0.00959962
-2.596135e-08 0.00319987
-2.556135e-08 -0.0319987
-2.516135e-08 -0.025599
-2.476135e-08 0.0159994
-2.436135e-08 0.025599
-2.396135e-08 -0.051198
-2.356135e-08 0.0479981
-2.316135e-08 -0.0735971
-2.276135e-08 0.0863965
-2.236135e-08 -0.111996
-2.196135e-08 0.0863965
-2.156135e-08 -0.0703972
-2.116135e-08 0.00959962
-2.076135e-08 -0.0223991
-2.036135e-08 0.00639974
-1.996135e-08 0.0479981
-1.956135e-08 -0.0543978
-1.916135e-08 0
-1.876135e-08 -0.0351986
-1.836135e-08 0.0479981
-1.796135e-08 -0.00319987
-1.756135e-08 -0.0639974
-1.716135e-08 0.0767969
-1.676135e-08 -0.121595
-1.636135e-08 0.115195
-1.596135e-08 -0.0895964
-1.556135e-08 0.0703972
-1.516135e-08 0.00639974
-1.476135e-08 -0.131195
-1.436135e-08 0.0607976
-1.396135e-08 -0.0671973
-1.356135e-08 0.0319987
-1.316135e-08 0.00639974
-1.276135e-08 -0.0799968
-1.236135e-08 0.108796
-1.196135e-08 -0.0799968
-1.156135e-08 0.0447982
-1.116135e-08 0.0127995
-1.076135e-08 -0.0447982
-1.036135e-08 0.0831967
-9.961348e-09 -0.0831967
-9.561348e-09 0.0703972
-9.161348e-09 -0.0895964
-8.761348e-09 -0.00319987
-8.361348e-09 -0.0799968
-7.961348e-09 0.127995
-7.561348e-09 -0.137594
-7.161348e-09 0.198392
-6.761348e-09 -0.319987
-6.361348e-09 0.319987
-5.961348e-09 -0.339186
-5.561348e-09 0.278389
-5.161348e-09 -0.150394
-4.761348e-09 0.137594
-4.361348e-09 -0.118395
-3.961348e-09 0.0607976
-3.561348e-09 -0.0287988
-3.161348e-09 -0.0543978
-2.761348e-09 0.0703972
-2.361348e-09 -0.00959962
-1.961348e-09 0.0127995
-1.561348e-09 0.0159994
-1.161348e-09 -0.0927963
-7.613479e-10 0.191992
-3.613479e-10 -0.348786
3.865208e-11 0.406384
4.386521e-10 -0.297588
8.386521e-10 0.377585
1.238652e-09 -0.355186
1.638652e-09 0.163193
2.038652e-09 -0.0831967
2.438652e-09 -0.0447982
2.838652e-09 0.111996
3.238652e-09 -0.0895964
3.638652e-09 0.0703972
4.038652e-09 0.0223991
4.438652e-09 -0.150394
4.838652e-09 0.150394
5.238652e-09 -0.25599
5.638652e-09 0.399984
6.038652e-09 -0.236791
6.438652e-09 0.143994
6.838652e-09 -0.156794
7.238652e-09 -0.0895964
7.638652e-09 0.121595
8.038652e-09 -0.220791
8.438652e-09 0.281589
8.838652e-09 -0.211192
9.238652e-09 0.188792
9.638652e-09 -0.24639
1.003865e-08 0.147194
1.043865e-08 -0.159994
1.083865e-08 0.169593
1.123865e-08 -0.169593
1.163865e-08 0.278389
1.203865e-08 -0.230391
1.243865e-08 0.118395
1.283865e-08 -0.134395
1.323865e-08 0.0543978
1.363865e-08 0.0895964
1.403865e-08 -0.294388
1.443865e-08 0.313587
1.483865e-08 -0.332787
1.523865e-08 0.143994
1.563865e-08 -0.150394
1.603865e-08 0.00959962
1.643865e-08 0.233591
1.683865e-08 -0.297588
1.723865e-08 0.191992
1.763865e-08 -0.121595
1.803865e-08 0.102396
1.843865e-08 -0.0127995
1.883865e-08 -0.159994
1.923865e-08 0.24319
1.963865e-08 -0.24319
2.003865e-08 0.134395
2.043865e-08 -0.214391
2.083865e-08 0.108796
2.123865e-08 -0.0863965
2.163865e-08 0.0639974
2.203865e-08 0.0735971
2.243865e-08 -0.207992
2.283865e-08 0.24959
2.323865e-08 -0.294388
2.363865e-08 0.230391
2.403865e-08 -0.105596
2.443865e-08 0.099196
2.483865e-08 0.0895964
2.523865e-08 -0.172793
2.563865e-08 0.0479981
2.603865e-08 -0.166393
2.643865e-08 0.179193
2.683865e-08 -0.159994
2.723865e-08 0.105596
2.763865e-08 0.0223991
2.803865e-08 -0.179193
2.843865e-08 0.124795
2.883865e-08 -0.326387
2.923865e-08 0.281589
2.963865e-08 -0.303988
3.003865e-08 0.214391
3.043865e-08 -0.179193
3.083865e-08 0.0415983
3.123865e-08 -0.175993
3.163865e-08 0.147194
3.203865e-08 -0.287988
3.243865e-08 0.291188
3.283865e-08 -0.26239
3.323865e-08 0.275189
3.363865e-08 -0.25919
3.403865e-08 0.0927963
3.443865e-08 -0.0895964
3.483865e-08 0.051198
3.523865e-08 0.111996
3.563865e-08 -0.25919
3.603865e-08 0.399984
3.643865e-08 -0.409584
3.683865e-08 0.406384
3.723865e-08 -0.409584
3.763865e-08 0.406384
3.803865e-08 -0.409584
3.843865e-08 0.284789
3.883865e-08 -0.291188
3.923865e-08 0.294388
3.963865e-08 -0.099196
4.003865e-08 -0.0767969
4.043865e-08 -0.0319987
4.083865e-08 -0.143994
4.123865e-08 0.111996
4.163865e-08 -0.108796
4.203865e-08 0.105596
4.243865e-08 -0.00639974
4.283865e-08 -0.153594
4.323865e-08 0.105596
4.363865e-08 -0.335987
4.403865e-08 0.351986
4.443865e-08 -0.24639
4.483865e-08 0.268789
4.523865e-08 -0.265589
4.563865e-08 0.118395
4.603865e-08 -0.265589
4.643865e-08 0.230391
4.683865e-08 -0.230391
4.723865e-08 0.111996
4.763865e-08 -0.051198
4.803865e-08 -0.0159994
4.843865e-08 -0.0383985
4.883865e-08 -0.156794
4.923865e-08 0.102396
4.963865e-08 -0.105596
5.003865e-08 0.201592
5.043865e-08 -0.300788
5.083865e-08 0.271989
5.123865e-08 -0.303988
5.163865e-08 0.25599
5.203865e-08 -0.291188
5.243865e-08 0.217591
5.283865e-08 -0.0351986
5.323865e-08 -0.0159994
5.363865e-08 -0.0959962
5.403865e-08 0.105596
5.443865e-08 -0.150394
5.483865e-08 0.166393
5.523865e-08 -0.339186
5.563865e-08 0.287988
5.603865e-08 -0.223991
5.643865e-08 0.265589
5.683865e-08 -0.271989
5.723865e-08 0.281589
5.763865e-08 -0.23999
5.803865e-08 0.207992
5.843865e-08 -0.230391
5.883865e-08 0.159994
5.923865e-08 0.0159994
5.963865e-08 -0.00639974
6.003865e-08 -0.127995
6.043865e-08 0.169593
6.083865e-08 -0.0479981
6.123865e-08 0.0223991
6.163865e-08 -0.0703972
6.203865e-08 0.099196
6.243865e-08 -0.0735971
6.283865e-08 0.198392
6.323865e-08 -0.339186
6.363865e-08 0.406384
6.403865e-08 -0.409584
6.443865e-08 0.406384
6.483865e-08 -0.393584
6.523865e-08 0.319987
6.563865e-08 -0.233591
6.603865e-08 0.25279
6.643865e-08 -0.374385
6.683865e-08 0.406384
6.723865e-08 -0.409584
6.763865e-08 0.406384
6.803865e-08 -0.409584
6.843865e-08 0.406384
6.883865e-08 -0.409584
6.923865e-08 0.329587
6.963865e-08 -0.313587
7.003865e-08 0.201592
7.043865e-08 -0.159994
7.083865e-08 0.0447982
7.123865e-08 -0.0383985
7.163865e-08 0.00959962
7.203865e-08 -0.0223991
7.243865e-08 -0.0639974
7.283865e-08 0.0191992
7.323865e-08 0.108796
7.363865e-08 -0.0831967
7.403865e-08 0.211192
7.443865e-08 -0.339186
7.483865e-08 0.377585
7.523865e-08 -0.265589
7.563865e-08 0.24319
7.603865e-08 -0.134395
7.643865e-08 0.0863965
7.683865e-08 0.00319987
7.723865e-08 -0.0831967
7.763865e-08 0.143994
7.803865e-08 -0.25599
7.843865e-08 0.358386
7.883865e-08 -0.393584
7.923865e-08 0.351986
7.963865e-08 -0.265589
8.003865e-08 0.335987
8.043865e-08 -0.25599
8.083865e-08 0.195192
8.123865e-08 -0.127995
8.163865e-08 0.0799968
8.203865e-08 0.025599
8.243865e-08 -0.099196
8.283865e-08 0.0895964
8.323865e-08 -0.0767969
8.363865e-08 0.137594
8.403865e-08 -0.169593
8.443865e-08 0.150394
8.483865e-08 -0.131195
8.523865e-08 0.108796
8.563865e-08 -0.111996
8.603865e-08 -0.0127995
8.643865e-08 0.25279
8.683865e-08 -0.281589
8.723865e-08 0.24639
8.763865e-08 -0.271989
8.803865e-08 0.24639
8.843865e-08 -0.182393
8.883865e-08 0
8.923865e-08 0.175993
8.963865e-08 -0.313587
9.003865e-08 0.380785
9.043865e-08 -0.409584
9.083865e-08 0.387185
9.123865e-08 -0.281589
9.163865e-08 0.150394
9.203865e-08 -0.0287988
9.243865e-08 0.025599
9.283865e-08 0.0479981
9.323865e-08 -0.179193
9.363865e-08 0.140794
9.403865e-08 -0.108796
9.443865e-08 0.00319987
9.483865e-08 0.147194
9.523865e-08 -0.175993
9.563865e-08 0.105596
9.603865e-08 -0.0959962
9.643865e-08 -0.0479981
9.683865e-08 0.150394
9.723865e-08 -0.175993
9.763865e-08 0.271989
9.803865e-08 -0.294388
9.843865e-08 0.25599
9.883865e-08 -0.175993
9.923865e-08 0.188792
9.963865e-08 -0.156794
1.000387e-07 0.051198
1.004387e-07 -0.0159994
1.008387e-07 0.0767969
1.012387e-07 -0.0575977
1.016387e-07 -0.0191992
1.020387e-07 -0.0415983
1.024387e-07 0.0543978
1.028387e-07 -0.0799968
1.032387e-07 -0.0639974
1.036387e-07 0.108796
1.040387e-07 -0.147194
1.044387e-07 0.137594
1.048387e-07 -0.163193
1.052387e-07 0.0799968
1.056387e-07 -0.0415983
1.060387e-07 -0.0735971
1.064387e-07 0.0383985
1.068387e-07 -0.131195
1.072387e-07 0.147194
1.076387e-07 -0.115195
1.080387e-07 0.0959962
1.084387e-07 -0.102396
1.088387e-07 0.102396
1.092387e-07 -0.00959962
1.096387e-07 0.0543978
1.100387e-07 0.0479981
1.104387e-07 -0.051198
1.108387e-07 0.0959962
1.112387e-07 -0.0639974
1.116387e-07 0.0959962
1.120387e-07 -0.0863965
1.124387e-07 0.0895964
1.128387e-07 -0.0575977
1.132387e-07 0.0703972
1.136387e-07 0.0191992
1.140387e-07 0.0191992
1.144387e-07 0.0319987
1.148387e-07 -0.0127995
1.152387e-07 -0.0767969
1.156387e-07 0
1.160387e-07 -0.0223991
1.164387e-07 0.137594
1.168387e-07 -0.0383985
1.172387e-07 -0.175993
1.176387e-07 0.150394
1.180387e-07 -0.179193
1.184387e-07 0.147194
1.188387e-07 -0.118395
1.192387e-07 0.0575977
1.196387e-07 0.105596
1.200387e-07 -0.166393
1.204387e-07 -0.0127995
1.208387e-07 0.0223991
1.212387e-07 0.0191992
1.216387e-07 0.0159994
1.220387e-07 0.0479981
1.224387e-07 -0.0703972
1.228387e-07 0.0767969
1.232387e-07 -0.223991
1.236387e-07 0.0831967
1.240387e-07 -0.0959962
1.244387e-07 0.137594
1.248387e-07 -0.025599
1.252387e-07 -0.0767969
1.256387e-07 0.102396
1.260387e-07 -0.223991
1.264387e-07 0.24639
1.268387e-07 -0.0607976
1.272387e-07 0.0767969
1.276387e-07 -0.00639974
1.280387e-07 -0.00959962
1.284387e-07 0.025599
1.288387e-07 0.00319987
1.292387e-07 0.0223991
1.296387e-07 0.0703972
1.300387e-07 -0.0895964
1.304387e-07 0.169593
1.308387e-07 -0.329587
1.312387e-07 0.316787
1.316387e-07 -0.287988
1.320387e-07 0.24319
1.324387e-07 -0.105596
1.328387e-07 0.0575977
1.332387e-07 0.00319987
1.336387e-07 -0.143994
1.340387e-07 0.156794
1.344387e-07 -0.156794
1.348387e-07 0.115195
1.352387e-07 0.025599
1.356387e-07 -0.0447982
1.360387e-07 0.0831967
1.364387e-07 -0.166393
1.368387e-07 0.111996
1.372387e-07 -0.105596
1.376387e-07 0.0959962
1.380387e-07 -0.0127995
1.384387e-07 -0.051198
1.388387e-07 0.0639974
1.392387e-07 -0.137594
1.396387e-07 0.051198
1.400387e-07 -0.00639974
1.404387e-07 -0.0575977
1.408387e-07 0.211192
1.412387e-07 -0.24959
1.416387e-07 0.25279
1.420387e-07 -0.23999
1.424387e-07 0.233591
1.428387e-07 -0.25279
1.432387e-07 0.233591
1.436387e-07 -0.153594
1.440387e-07 0.115195
1.444387e-07 -0.0895964
1.448387e-07 0.025599
1.452387e-07 0.0383985
1.456387e-07 -0.00959962
1.460387e-07 0
1.464387e-07 0.0287988
1.468387e-07 -0.0863965
1.472387e-07 0.0735971
1.476387e-07 -0.111996
1.480387e-07 0.105596
1.484387e-07 -0.105596
1.488387e-07 0.115195
1.492387e-07 -0.131195
1.496387e-07 0.131195
1.500387e-07 -0.099196
1.504387e-07 0.0223991
1.508387e-07 0.099196
1.512387e-07 -0.207992
1.516387e-07 0.24639
1.520387e-07 -0.284789
1.524387e-07 0.371185
1.528387e-07 -0.409584
1.532387e-07 0.332787
1.536387e-07 -0.316787
1.540387e-07 0.26239
1.544387e-07 -0.182393
1.548387e-07 0.0639974
1.552387e-07 0.00319987
1.556387e-07 -0.0671973
1.560387e-07 -0.0127995
1.564387e-07 0.0191992
1.568387e-07 -0.0767969
1.572387e-07 0.0927963
1.576387e-07 -0.0607976
1.580387e-07 -0.0639974
1.584387e-07 0.175993
1.588387e-07 -0.223991
1.592387e-07 0.24319
1.596387e-07 -0.25919
1.600387e-07 0.25919
1.604387e-07 -0.108796
1.608387e-07 0.0127995
1.612387e-07 0.0703972
1.616387e-07 -0.0863965
1.620387e-07 0.0831967
1.624387e-07 -0.0223991
1.628387e-07 -0.0735971
1.632387e-07 0.204792
1.636387e-07 -0.236791
1.640387e-07 0.227191
1.644387e-07 -0.153594
1.648387e-07 0.131195
1.652387e-07 -0.0479981
1.656387e-07 -0.105596
1.660387e-07 0.105596
1.664387e-07 -0.131195
1.668387e-07 0.163193
1.672387e-07 -0.0735971
1.676387e-07 -0.0223991
1.680387e-07 0.025599
1.684387e-07 -0.198392
1.688387e-07 0.115195
1.692387e-07 -0.0351986
1.696387e-07 0.025599
1.700387e-07 0.0159994
1.704387e-07 -0.0447982
1.708387e-07 0.0191992
1.712387e-07 -0.0799968
1.716387e-07 0.0383985
1.720387e-07 -0.0127995
1.724387e-07 0.0415983
1.728387e-07 -0.0639974
1.732387e-07 0.0703972
1.736387e-07 -0.191992
1.740387e-07 0.191992
1.744387e-07 -0.281589
1.748387e-07 0.275189
1.752387e-07 -0.236791
1.756387e-07 0.179193
1.760387e-07 -0.143994
1.764387e-07 0.102396
1.768387e-07 -0.153594
1.772387e-07 0.121595
1.776387e-07 -0.0543978
1.780387e-07 0.111996
1.784387e-07 -0.159994
1.788387e-07 0.115195
1.792387e-07 -0.233591
1.796387e-07 0.204792
1.800387e-07 -0.195192
1.804387e-07 0.121595
1.808387e-07 -0.0863965
1.812387e-07 -0.00959962
1.816387e-07 0.025599
1.820387e-07 -0.188792
1.824387e-07 0.25599
1.828387e-07 -0.24959
1.832387e-07 0.278389
1.836387e-07 -0.271989
1.840387e-07 0.342386
1.844387e-07 -0.24319
1.848387e-07 0.137594
1.852387e-07 -0.0831967
1.856387e-07 0.0415983
1.860387e-07 0.00639974
1.864387e-07 -0.0831967
1.868387e-07 0.0383985
1.872387e-07 -0.0287988
1.876387e-07 -0.0639974
1.880387e-07 0.0735971
1.884387e-07 -0.201592
1.888387e-07 0.271989
1.892387e-07 -0.278389
1.896387e-07 0.204792
1.900387e-07 -0.191992
1.904387e-07 0.191992
1.908387e-07 -0.166393
1.912387e-07 0.121595
1.916387e-07 -0.0703972
1.920387e-07 0.0735971
1.924387e-07 -0.0799968
1.928387e-07 0.00639974
1.932387e-07 -0.0831967
1.936387e-07 0.0383985
1.940387e-07 -0.105596
1.944387e-07 0.0895964
1.948387e-07 -0.00959962
1.952387e-07 -0.0703972
1.956387e-07 0.0319987
1.960387e-07 -0.0447982
1.964387e-07 0.00959962
1.968387e-07 0.0831967
1.972387e-07 -0.159994
1.976387e-07 0.24639
1.980387e-07 -0.323187
1.984387e-07 0.25919
1.988387e-07 -0.191992
1.992387e-07 0.0895964
1.996387e-07 -0.00959962
2.000387e-07 -0.0191992
2.004387e-07 0.0223991
2.008387e-07 0.025599
2.012387e-07 -0.0351986
2.016387e-07 0.0639974
2.020387e-07 -0.102396
2.024387e-07 0.115195
2.028387e-07 -0.185593
2.032387e-07 0.195192
2.036387e-07 -0.201592
2.040387e-07 0.0863965
2.044387e-07 -0.143994
2.048387e-07 0.051198
2.052387e-07 0.0223991
2.056387e-07 -0.0159994
2.060387e-07 -0.0671973
2.064387e-07 0.121595
2.068387e-07 -0.140794
2.072387e-07 0.204792
2.076387e-07 -0.236791
2.080387e-07 0.294388
2.084387e-07 -0.230391
2.088387e-07 0.0383985
2.092387e-07 0.0127995
2.096387e-07 -0.0639974
2.100387e-07 0.147194
2.104387e-07 -0.163193
2.108387e-07 0.0831967
2.112387e-07 -0.118395
2.116387e-07 0.0831967
2.120387e-07 -0.0895964
2.124387e-07 0.0415983
2.128387e-07 -0.051198
2.132387e-07 0.00319987
2.136387e-07 0.0127995
2.140387e-07 0.00319987
2.144387e-07 -0.00319987
2.148387e-07 -0.0127995
2.152387e-07 0.0607976
2.156387e-07 -0.0607976
2.160387e-07 0.105596
2.164387e-07 -0.153594
2.168387e-07 0.175993
2.172387e-07 -0.188792
2.176387e-07 0.156794
2.180387e-07 -0.0575977
2.184387e-07 0.025599
2.188387e-07 0.0447982
2.192387e-07 -0.150394
2.196387e-07 0.127995
2.200387e-07 -0.0671973
2.204387e-07 -0.0479981
2.208387e-07 0.127995
2.212387e-07 -0.163193
2.216387e-07 0.163193
2.220387e-07 -0.204792
2.224387e-07 0.131195
2.228387e-07 -0.0959962
2.232387e-07 0.0159994
2.236387e-07 0.0127995
2.240387e-07 -0.0959962
2.244387e-07 0.0959962
2.248387e-07 -0.108796
2.252387e-07 -0.00319987
2.256387e-07 -0.00319987
2.260387e-07 -0.00959962
2.264387e-07 0.0127995
2.268387e-07 -0.0287988
2.272387e-07 -0.0831967
2.276387e-07 0.0927963
2.280387e-07 -0.0831967
2.284387e-07 0.118395
2.288387e-07 -0.105596
2.292387e-07 0.195192
2.296387e-07 -0.24959
2.300387e-07 0.140794
2.304387e-07 -0.118395
2.308387e-07 0.0959962
2.312387e-07 -0.025599
2.316387e-07 0.0607976
2.320387e-07 -0.00959962
2.324387e-07 -0.147194
2.328387e-07 0.137594
2.332387e-07 -0.147194
2.336387e-07 0.108796
2.340387e-07 -0.0383985
2.344387e-07 0.0415983
2.348387e-07 0.0159994
2.352387e-07 -0.051198
2.356387e-07 0.00959962
2.360387e-07 -0.051198
2.364387e-07 0.0191992
2.368387e-07 0.0351986
2.372387e-07 0.00319987
2.376387e-07 -0.0351986
2.380387e-07 0.0479981
2.384387e-07 -0.134395
2.388387e-07 0.118395
2.392387e-07 -0.111996
2.396387e-07 0.172793
2.400387e-07 -0.185593
2.404387e-07 0.099196
2.408387e-07 -0.0639974
2.412387e-07 0.0543978
2.416387e-07 -0.051198
2.420387e-07 0.0703972
2.424387e-07 -0.0447982
2.428387e-07 0
2.432387e-07 -0.0127995
2.436387e-07 -0.00319987
2.440387e-07 0.0447982
2.444387e-07 -0.0607976
2.448387e-07 0.0479981
2.452387e-07 -0.0607976
2.456387e-07 0.102396
2.460387e-07 -0.105596
2.464387e-07 0.0767969
2.468387e-07 0.00319987
2.472387e-07 -0.0415983
2.476387e-07 0.0575977
2.480387e-07 -0.102396
2.484387e-07 0.153594
2.488387e-07 -0.179193
2.492387e-07 0.137594
2.496387e-07 -0.131195
2.500387e-07 0.0703972
2.504387e-07 -0.00319987
2.508387e-07 -0.0575977
2.512387e-07 0.0415983
2.516387e-07 -0.099196
2.520387e-07 0.0831967
2.524387e-07 -0.0575977
2.528387e-07 -0.00959962
2.532387e-07 0.0319987
2.536387e-07 -0.0799968
2.540387e-07 0.0799968
2.544387e-07 -0.0735971
2.548387e-07 0.0799968
2.552387e-07 -0.0543978
2.556387e-07 -0.0191992
2.560387e-07 0.025599
2.564387e-07 -0.0639974
2.568387e-07 0.0383985
2.572387e-07 -0.025599
2.576387e-07 -0.00639974
2.580387e-07 -0.00639974
2.584387e-07 -0.0479981
2.588387e-07 0.0607976
2.592387e-07 -0.102396
2.596387e-07 0.0191992
2.600387e-07 -0.0415983
2.604387e-07 0.0191992
2.608387e-07 0.0415983
2.612387e-07 -0.051198
2.616387e-07 0.0671973
2.620387e-07 -0.121595
2.624387e-07 0.0639974
2.628387e-07 -0.0479981
2.632387e-07 0.0127995
2.636387e-07 0.0735971
2.640387e-07 -0.0959962
2.644387e-07 0.051198
2.648387e-07 -0.0159994
2.652387e-07 -0.0287988
2.656387e-07 0.108796
2.660387e-07 -0.102396
2.664387e-07 0.131195
2.668387e-07 -0.0831967
2.672387e-07 0.0607976
2.676387e-07 -0.0543978
2.680387e-07 -0.00959962
2.684387e-07 0.0447982
2.688387e-07 -0.0383985
2.692387e-07 0.0607976
2.696387e-07 -0.0287988
2.700387e-07 -0.00319987
2.704387e-07 0.0127995
2.708387e-07 -0.0671973
2.712387e-07 0.134395
2.716387e-07 -0.118395
2.720387e-07 0.147194
2.724387e-07 -0.182393
2.728387e-07 0.105596
2.732387e-07 -0.0959962
2.736387e-07 0.00319987
2.740387e-07 0.0607976
2.744387e-07 -0.0767969
2.748387e-07 0.0287988
2.752387e-07 -0.0607976
2.756387e-07 0.00639974
2.760387e-07 -0.0223991
2.764387e-07 -0.0415983
2.768387e-07 0.0703972
2.772387e-07 -0.0383985
2.776387e-07 -0.0223991
2.780387e-07 0.0447982
2.784387e-07 -0.0799968
2.788387e-07 0.0191992
2.792387e-07 -0.0127995
2.796387e-07 0.00639974
2.800387e-07 0.105596
2.804387e-07 -0.147194
2.808387e-07 0.0639974
2.812387e-07 -0.105596
2.816387e-07 0.0703972
2.820387e-07 -0.00639974
2.824387e-07 0.0447982
2.828387e-07 0.0127995
2.832387e-07 -0.0351986
2.836387e-07 -0.0223991
2.840387e-07 0.0735971
2.844387e-07 -0.0415983
2.848387e-07 0.115195
2.852387e-07 -0.147194
2.856387e-07 0.185593
2.860387e-07 -0.217591
2.864387e-07 0.153594
2.868387e-07 -0.115195
2.872387e-07 0.0767969
2.876387e-07 0.0159994
2.880387e-07 -0.0223991
2.884387e-07 0.0703972
2.888387e-07 -0.099196
2.892387e-07 0.051198
2.896387e-07 -0.0447982
2.900387e-07 0.0415983
2.904387e-07 0.0959962
2.908387e-07 -0.0863965
2.912387e-07 0.099196
2.916387e-07 -0.0863965
2.920387e-07 -0.00319987
2.924387e-07 0.0383985
2.928387e-07 0.00639974
2.932387e-07 0.0351986
2.936387e-07 -0.00959962
2.940387e-07 -0.051198
2.944387e-07 -0.0191992
2.948387e-07 -0.00639974
2.952387e-07 -0.0127995
2.956387e-07 0.0703972
2.960387e-07 -0.0287988
2.964387e-07 0.0383985
2.968387e-07 -0.0319987
2.972387e-07 -0.0191992
2.976387e-07 -0.0543978
2.980387e-07 0.0799968
2.984387e-07 -0.0831967

