 3.99500624219725e-003    1.18138424821002e-001
 1.79775280898876e-002    1.71837708830549e-001
 2.59675405742822e-002    1.50357995226730e-001
 2.59675405742822e-002    1.18138424821002e-001
 3.99500624219725e-002    1.39618138424821e-001
 4.59425717852684e-002    1.82577565632458e-001
 4.79400749063670e-002    1.18138424821002e-001
 5.99250936329588e-002    1.07398568019093e-001
 8.18976279650437e-002    1.50357995226730e-001
 9.38826466916355e-002    1.61097852028640e-001
 1.01872659176030e-001    2.25536992840095e-001
 1.15855181023720e-001    2.14797136038186e-001
 1.17852684144819e-001    1.18138424821002e-001
 1.25842696629213e-001    5.36992840095465e-002
 1.37827715355805e-001    5.36992840095465e-002
 1.41822721598002e-001    2.04057279236277e-001
 1.53807740324594e-001    1.71837708830549e-001
 1.59800249687890e-001    1.07398568019093e-001
 1.67790262172285e-001    6.44391408114559e-002
 1.75780274656679e-001    1.61097852028640e-001
 1.81772784019975e-001    1.93317422434368e-001
 1.85767790262172e-001    1.93317422434368e-001
 2.13732833957553e-001    1.18138424821002e-001
 2.09737827715356e-001    6.44391408114559e-002
 2.17727840199750e-001    9.66587112171838e-002
 2.25717852684145e-001    1.61097852028640e-001
 2.39700374531835e-001    1.61097852028640e-001
 2.41697877652934e-001    9.66587112171838e-002
 2.53682896379526e-001    4.29594272076372e-002
 2.57677902621723e-001    1.18138424821002e-001
 2.65667915106117e-001    1.61097852028640e-001
 2.73657927590512e-001    1.93317422434368e-001
 2.83645443196005e-001    1.61097852028640e-001
 2.89637952559301e-001    1.18138424821002e-001
 3.01622971285893e-001    7.51789976133652e-002
 3.03620474406991e-001    9.66587112171838e-002
 3.09612983770287e-001    1.61097852028640e-001
 3.13607990012484e-001    1.50357995226730e-001
 3.21598002496879e-001    7.51789976133652e-002
 3.29588014981273e-001    1.18138424821002e-001
 3.33583021223471e-001    1.61097852028640e-001
 3.35580524344569e-001    2.25536992840095e-001
 3.43570536828964e-001    2.68496420047733e-001
 3.45568039950062e-001    2.14797136038186e-001
 3.57553058676654e-001    1.50357995226730e-001
 3.57553058676654e-001    1.07398568019093e-001
 3.61548064918851e-001    9.66587112171838e-002
 3.67540574282147e-001    1.07398568019093e-001
 3.73533083645443e-001    1.93317422434368e-001
 3.85518102372035e-001    2.14797136038186e-001
 3.93508114856429e-001    1.71837708830549e-001
 3.99500624219725e-001    1.28878281622912e-001
 4.05493133583021e-001    1.18138424821002e-001
 4.21473158551810e-001    1.50357995226730e-001
 4.33458177278402e-001    1.82577565632458e-001
 4.39450686641698e-001    2.36276849642005e-001
 4.47440699126092e-001    2.04057279236277e-001
 4.57428214731586e-001    1.50357995226730e-001
 4.67415730337079e-001    1.39618138424821e-001
 4.71410736579276e-001    1.93317422434368e-001
 4.77403245942572e-001    2.89976133651551e-001
 4.83395755305868e-001    2.89976133651551e-001
 4.93383270911361e-001    2.68496420047733e-001
 4.95380774032459e-001    1.93317422434368e-001
 5.07365792759051e-001    2.14797136038186e-001
 5.07365792759051e-001    2.89976133651551e-001
 5.13358302122347e-001    3.11455847255370e-001
 5.25343320848939e-001    3.11455847255370e-001
 5.29338327091136e-001    2.25536992840095e-001
 5.33333333333333e-001    2.04057279236277e-001
 5.37328339575531e-001    1.82577565632458e-001
 5.45318352059925e-001    2.47016706443914e-001
 5.55305867665418e-001    3.11455847255370e-001
 5.63295880149813e-001    3.54415274463007e-001
 5.69288389513109e-001    3.86634844868735e-001
 5.77278401997503e-001    4.18854415274463e-001
 5.85268414481898e-001    4.61813842482100e-001
 5.87265917602996e-001    5.26252983293556e-001
 5.91260923845194e-001    5.90692124105012e-001
 5.99250936329588e-001    6.01431980906921e-001
 6.11235955056180e-001    6.33651551312649e-001
 6.17228464419476e-001    7.51789976133652e-001
 6.21223470661673e-001    8.05489260143198e-001
 6.27215980024969e-001    8.69928400954654e-001
 6.27215980024969e-001    9.55847255369928e-001
 6.35205992509363e-001    1.06324582338902e+000
 6.39200998751561e-001    1.06324582338902e+000
 6.45193508114856e-001    1.09546539379475e+000
 6.57178526841448e-001    1.20286396181384e+000
 6.55181023720350e-001    1.26730310262530e+000
 6.57178526841448e-001    1.32100238663484e+000
 6.57178526841448e-001    1.40692124105012e+000
 6.67166042446941e-001    1.49284009546539e+000
 6.67166042446941e-001    1.58949880668258e+000
 6.75156054931336e-001    1.69689737470167e+000
 6.83146067415730e-001    1.77207637231504e+000
 6.95131086142322e-001    1.84725536992840e+000
 6.97128589263421e-001    1.96539379474940e+000
 7.01123595505618e-001    2.05131264916468e+000
 7.05118601747815e-001    2.13723150357995e+000
 7.11111111111111e-001    2.24463007159905e+000
 7.13108614232210e-001    2.31980906921241e+000
 7.19101123595506e-001    2.40572792362769e+000
 7.19101123595506e-001    2.49164677804296e+000
 7.27091136079900e-001    2.60978520286396e+000
 7.29088639200999e-001    2.73866348448687e+000
 7.35081148564295e-001    2.83532219570406e+000
 7.39076154806492e-001    2.91050119331742e+000
 7.41073657927591e-001    2.99642004773270e+000
 7.45068664169788e-001    3.08233890214797e+000
 7.47066167290886e-001    3.18973747016706e+000
 7.49063670411985e-001    3.25417661097852e+000
 7.53058676654182e-001    3.31861575178998e+000
 7.53058676654182e-001    3.38305489260143e+000
 7.59051186017478e-001    3.46897374701671e+000
 7.59051186017478e-001    3.52267303102625e+000
 7.63046192259675e-001    3.57637231503580e+000
 7.65043695380774e-001    3.66229116945107e+000
 7.69038701622971e-001    3.76968973747017e+000
 7.77028714107366e-001    3.85560859188544e+000
 7.81023720349563e-001    3.96300715990453e+000
 7.85018726591760e-001    4.07040572792363e+000
 7.93008739076155e-001    4.17780429594272e+000
 8.00998751560549e-001    4.25298329355609e+000
 8.08988764044944e-001    4.29594272076372e+000
 8.20973782771536e-001    4.38186157517900e+000
 8.28963795255930e-001    4.45704057279236e+000
 8.34956304619226e-001    4.37112171837709e+000
 8.40948813982522e-001    4.28520286396181e+000
 8.42946317103620e-001    4.25298329355609e+000
 8.48938826466916e-001    4.18854415274463e+000
 8.54931335830212e-001    4.10262529832936e+000
 8.56928838951311e-001    4.02744630071599e+000
 8.58926342072409e-001    3.99522673031026e+000
 8.64918851435705e-001    3.95226730310263e+000
 8.72908863920100e-001    3.86634844868735e+000
 8.72908863920100e-001    3.78042959427208e+000
 8.76903870162297e-001    3.69451073985680e+000
 8.84893882646692e-001    3.64081145584726e+000
 8.88888888888889e-001    3.60859188544153e+000
 8.94881398252185e-001    3.56563245823389e+000
 9.04868913857678e-001    3.50119331742243e+000
 9.04868913857678e-001    3.44749403341289e+000
 9.12858926342072e-001    3.34009546539379e+000
 9.12858926342072e-001    3.22195704057279e+000
 9.20848938826467e-001    3.16825775656325e+000
 9.20848938826467e-001    3.01789976133652e+000
 9.30836454431960e-001    2.96420047732697e+000
 9.38826466916355e-001    2.83532219570406e+000
 9.42821473158552e-001    2.69570405727924e+000
 9.48813982521848e-001    2.64200477326969e+000
 9.54806491885144e-001    2.58830548926014e+000
 9.60799001248440e-001    2.53460620525060e+000
 9.66791510611735e-001    2.44868735083532e+000
 9.78776529338327e-001    2.37350835322196e+000
 9.82771535580524e-001    2.30906921241050e+000
 9.92759051186017e-001    2.20167064439141e+000
 1.00873907615481e+000    2.13723150357995e+000
 1.00873907615481e+000    2.06205250596659e+000
 1.02471910112360e+000    2.00835322195704e+000
 1.02671660424469e+000    1.94391408114558e+000
 1.03270911360799e+000    1.82577565632458e+000
 1.03870162297129e+000    1.78281622911695e+000
 1.04868913857678e+000    1.71837708830549e+000
 1.06666666666667e+000    1.70763723150358e+000
 1.07066167290886e+000    1.66467780429594e+000
 1.07465667915106e+000    1.61097852028640e+000
 1.09063670411985e+000    1.50357995226730e+000
 1.08863920099875e+000    1.46062052505967e+000
 1.10461922596754e+000    1.38544152744630e+000
 1.12059925093633e+000    1.36396181384248e+000
 1.13657927590512e+000    1.32100238663484e+000
 1.16254681647940e+000    1.28878281622912e+000
 1.17453183520599e+000    1.27804295942721e+000
 1.17652933832709e+000    1.23508353221957e+000
 1.18651685393258e+000    1.12768496420048e+000
 1.18451935081149e+000    1.06324582338902e+000
 1.19250936329588e+000    9.45107398568019e-001
 1.20049937578027e+000    9.34367541766110e-001
 1.21647940074906e+000    8.91408114558473e-001
 1.23245942571785e+000    8.16229116945107e-001
 1.24843945068664e+000    8.05489260143198e-001
 1.25642946317104e+000    7.19570405727924e-001
 1.26641697877653e+000    6.76610978520287e-001
 1.27640449438202e+000    6.33651551312649e-001
 1.28838951310861e+000    5.90692124105012e-001
 1.30836454431960e+000    5.58472553699284e-001
 1.31435705368290e+000    5.90692124105012e-001
 1.33033707865169e+000    6.12171837708831e-001
 1.35031210986267e+000    6.12171837708831e-001
 1.36229712858926e+000    6.01431980906921e-001
 1.37827715355805e+000    6.22911694510740e-001
 1.38826466916355e+000    6.33651551312649e-001
 1.40024968789014e+000    6.22911694510740e-001
 1.40224719101124e+000    5.47732696897375e-001
 1.41622971285893e+000    5.04773269689737e-001
 1.42421972534332e+000    5.47732696897375e-001
 1.44818976279650e+000    5.90692124105012e-001
 1.46017478152310e+000    5.47732696897375e-001
 1.45817727840200e+000    5.26252983293556e-001
 1.46816479400749e+000    4.61813842482100e-001
 1.47215980024969e+000    4.61813842482100e-001
 1.47615480649189e+000    5.36992840095465e-001
 1.48614232209738e+000    5.79952267303103e-001
 1.49612983770287e+000    5.79952267303103e-001
 1.50212234706617e+000    5.36992840095465e-001
 1.51410736579276e+000    5.15513126491647e-001
 1.53208489388265e+000    4.94033412887828e-001
 1.53607990012484e+000    4.94033412887828e-001
 1.56803995006242e+000    5.15513126491647e-001
 1.58401997503121e+000    5.47732696897375e-001
 1.59001248439451e+000    5.47732696897375e-001
 1.60599250936330e+000    6.01431980906921e-001
 1.60799001248439e+000    6.33651551312649e-001
